122.601
-90.3281
4.16474
24.4417
-37.6844
61.2435
74.222
-36.5226
-4.87353
30.4701
-12.7351
-3.9338
41.431
-7.19219
47.9072
77.9246
66.5127
-38.9345
21.9267
16.8953
22.912
79.4361
89.8741
-74.3887
65.4092
70.1046
-36.099
25.431
53.1739
-53.2675
65.2134
79.3672
1.9122
-1.70377
50.8938
14.8208
-8.34937
57.0534
27.7388
56.392
122.365
113.522
-61.0161
43.0306
55.2499
8.10961
97.5447
117.561
-94.4067
121.035
110.756
-26.1986
24.5658
65.2265
-50.3891
75.8329
104.292
55.1069
-12.4334
67.159
59.4973
-20.1314
76.2092
65.3893
31.3634
168.126
155.595
-88.2195
57.3647
83.5886
-5.88806
99.897
150.669
-109.777
151.226
145.14
11.3774
17.9741
84.547
-32.5348
87.5984
137.279
113.997
-33.3728
91.8763
102.156
-33.4971
93.6686
97.115
-12.1251
214.217
183.52
-83.1586
66.794
114.748
-13.8497
63.3837
137.383
-52.9709
139.324
208.864
44.4573
-3.48673
83.506
49.0272
75.9349
124.672
88.5953
-32.7047
65.1107
52.8374
35.4955
87.2675
128.865
-70.4215
104.91
105.084
5.51757
44.6986
101.214
-37.4163
96.3905
134.397
75.3981
5.32583
96.216
39.5566
12.5738
112.281
92.7092
45.0021
123.061
100.368
-39.8497
76.1173
74.2966
25.9472
97.4258
181.997
-89.3016
144.602
143.579
28.485
40.444
123.502
-30.443
113.563
161.202
124.623
-16.8108
114.989
60.4545
7.22633
115.732
113.753
15.0899
147.112
122.554
-32.5031
80.0993
108.468
13.4529
86.7056
180.915
-42.0072
166.317
200.17
65.1943
22.6018
126.02
-12.1424
138.488
216.809
188.553
-64.1833
126.465
77.6741
5.69179
134.757
140.878
-24.9636
171.924
163.807
-17.4657
75.8445
137.177
12.238
75.459
189.752
14.6096
170.177
220.778
94.1027
5.25362
149.102
37.3174
112.478
191.441
203.125
-109.252
258.505
144.713
30.0217
138.929
227.961
-102.233
167.749
169.388
25.3217
69.7255
169.97
-32.5611
138.747
196.723
136.938
-0.568655
152.604
65.6708
24.1299
164.343
143.284
38.2743
196.433
151.672
-38.297
115.271
131.044
18.3551
132.849
246.302
-45.3622
166.722
209.364
57.1043
47.004
165.16
-15.1806
173.646
273.715
222.138
-59.2372
155.331
87.4792
20.3911
183.937
179.925
-17.7232
212.78
192.165
-23.3803
108.657
164.757
7.23703
104.509
240.139
17.7942
169.335
233.148
91.1786
25.7099
183.198
31.5069
158.474
249.174
231.375
-88.1537
199.852
129.645
7.30994
180.572
220.231
-79.1596
251.747
242.241
32.3073
85.7407
188.245
11.5922
89.061
234.92
82.1919
176.191
279.183
143.742
-15.3295
183.658
75.9915
125.802
242.132
260.718
-122.71
227.859
179.695
3.88472
176.931
252.381
-86.4437
234.994
299.753
129.261
287.346
305.394
-18.876
214.337
325.63
260.725
-54.3625
192.64
98.8861
36.4337
236.035
218.677
-5.69674
259.287
220.027
-29.3716
152.407
203.596
6.06938
143.285
296.439
4.63974
216.246
287.22
101.252
44.9136
224.599
19.7546
216.445
324.516
276.837
-86.072
227.096
145.989
14.8476
230.359
259.582
-77.0098
312.731
290.853
25.1369
115.007
222.478
6.49393
122.859
295.242
88.8862
213.582
326.929
156.637
-0.30921
229.573
83.1091
163.605
298.988
304.209
-128.654
258.636
198.098
8.00612
228.601
315.816
-111.673
280.608
299.615
102.603
91.6078
247.501
28.9967
110.634
312.205
177.335
200.894
340.259
192.212
-30.4277
233.775
138.648
108.802
284.403
351.053
-151.965
311.528
283.788
19.4853
172.638
299.521
-93.4827
276.482
344.657
199.323
46.4476
260.613
63.3272
97.6726
330.602
231.867
145.901
462.297
524.253
169.862
324.95
310.189
-75.0643
371.083
337.992
14.037
148.732
256.429
1.87111
160.624
361.174
90.5735
253.349
373.048
162.29
22.48
283.229
85.2135
207.205
360.586
352.773
-144.679
307.5
219.004
13.3705
281.165
373.315
-140.373
346.15
344.635
99.885
121.477
295.758
24.5152
138.607
359.978
180.612
254.645
409.358
217.59
-25.2759
275.728
147.064
147.168
347.149
396.053
-166.995
355.714
314.478
15.4329
219.49
351.179
-115.363
328.949
398.76
212.22
68.2091
297.982
56.0516
132.759
407.61
279.751
146.638
387.514
247.971
-55.3797
279.479
203.843
77.1156
341.781
508.314
-187.288
370.623
364.08
52.1759
170.29
366.14
-82.2833
337.988
447.546
313.902
2.44536
325.996
121.037
87.3127
380.826
318.092
52.412
422.973
296.831
-47.1875
262.364
276.616
11.2461
281.58
475.642
-112.43
540.238
808.36
-49.8475
171.928
413.814
184.614
304.5
482.443
242.746
-19.2801
317.307
149.253
193.603
416.592
442.47
-182.412
395.986
333.967
11.4661
274.912
407.96
-140.499
387.135
453.831
222.668
94.9043
338.26
48.9557
165.72
473.502
315.869
188.033
442.102
268.713
-51.1252
336.211
221.803
101.616
389.906
546.375
-222.175
433.342
405.766
48.8589
211.78
424.35
-112.073
388.124
492.484
327.282
30.7367
382.159
125.447
110.041
437.272
349.199
89.3996
484.742
324.259
-55.0091
302.458
290.802
22.7179
351.435
550.796
-85.4461
403.379
481.313
111.856
142.965
385.762
-60.5931
441.276
649.894
490.1
-101.579
366.772
178.456
79.6465
457.137
411.956
-42.9699
501.661
404.178
-26.5208
271.233
353.111
-6.9931
275.549
531.208
52.4803
382.411
506.327
175.166
88.3736
411.43
56.467
362.674
554.74
496.279
-178.044
877.067
327.593
111.099
448.667
590.624
-250.015
500.231
448.827
45.2785
253.299
469.398
-142.617
441.169
540.053
340.149
57.8041
427.011
123.197
138.241
499.153
381.774
128.171
536.408
347.691
-62.8114
345.242
302.823
42.6386
427.376
639.554
-127.024
456.733
514.854
102.618
181.482
439.799
-78.5779
480.514
689.881
526.32
-88.9608
408.788
181.887
102.884
513.104
451.311
-23.5123
551.528
421.736
-37.993
332.01
393.706
-8.00349
322.149
585.98
22.9165
437.227
561.221
179.821
113.423
449.294
26.9704
438.47
642.325
529.322
-152.08
468.74
273.305
45.8338
475.91
516.857
-177.866
652.635
548.705
66.8737
245.611
426.01
-12.1115
273.851
570.769
180.777
415.291
625.267
277.968
22.4402
445.281
145.53
320.079
582.413
564.129
-227.511
509.32
368.34
20.4133
454.204
592.466
-225.337
563.997
572.885
200.052
199.3
1107.22
-109.501
546.306
725.05
544.199
-62.267
456.381
185.7
125.139
565.332
488.191
3.06297
606.059
440.523
-47.1387
383.114
430.487
-7.87563
375.074
646.043
-9.35936
491.519
617.875
183.263
139.976
484.755
-13.1022
526.997
746.121
587.805
-151.252
499.55
279.09
61.5062
538.339
550.674
-155.513
705.362
591.679
45.4209
286.453
454.637
-18.54
318.164
642.367
173.618
455.945
662.024
270.662
57.0362
504.666
140.386
372.386
645.661
610.126
-240.811
557.407
380.003
29.1743
515.272
663.825
-261.116
632.227
600.086
187.514
228.104
510.768
22.6146
274.249
644.304
335.719
436.537
703.633
352.856
-23.5557
489.058
246.429
248.432
608.084
673.594
-280.074
632.822
541.201
27.6093
389.938
601.937
-213.533
588.65
685.37
370.478
129.246
513.633
79.1373
252.885
705.8
480.26
248.15
688.636
447.434
-207.511
1233.69
944.773
-240.187
760.06
616.275
18.6632
332.743
485.06
-21.9467
365.492
718.322
157.809
501.569
702.106
264.678
94.0322
569.382
130.336
431.644
714.974
654.656
-246.321
609.393
391.635
38.7098
566.257
699.876
-292.279
718.897
647.946
172.298
267.849
558.528
10.9668
308.22
688.902
319.814
496.314
782.199
375.71
-13.6484
529.165
239.482
309.442
685.663
713.976
-290.185
663.953
547.759
20.2473
455.858
660.979
-240.599
649.276
737.095
370.198
163.976
550.59
63.21
295.711
787.591
520.64
291.625
716.064
415.85
-67.5486
546.902
348.671
154.255
644.879
876.558
-343.95
700.256
647.319
75.3377
348.407
676.181
-187.593
640.111
798.055
532.028
52.7808
610.659
188.632
193.068
711.224
563.722
127.846
786.426
501.649
-71.8928
492.113
457.542
19.159
565.18
851.355
-129.7
688.915
902.148
503.472
930.116
1012.83
385.445
531.642
859.198
398.469
-2.34426
572.111
228.983
374.677
763.318
756.217
-302.686
696.388
546.606
17.8672
533.152
729.062
-270.731
712.366
776.869
356.375
204.908
592.591
53.4723
326.58
836.854
546.267
356.246
776.883
431.915
-56.1931
598.236
356.133
193.773
693.635
894.996
-373.34
772.452
686.331
68.3087
397.227
722.438
-226.555
694.15
836.29
530.078
93.821
664.565
181.377
226.059
774.599
590.854
182.131
831.19
518.376
-80.8513
535.769
458.541
47.1034
657.54
949.743
-171.104
696.119
784.512
154.14
280.472
660.663
-128.517
750.803
1068.7
800.125
-132.214
625.85
269.699
165.203
790.305
686.89
-50.9304
849.531
631.805
-43.5885
502.188
583.072
-23.906
498.691
878.152
52.464
656.362
836.086
261.412
178.323
676.254
44.6691
648.22
948.973
777.264
-205.37
1030.36
1135.93
432.635
884.014
991.645
-407.204
851.879
728.963
60.2241
449.882
767.303
-263.621
750.992
880.919
530.989
128.667
691.047
162.494
268.546
847.634
621.681
235.915
873.332
534.472
-90.2914
584.839
461.971
84.8345
748.039
1056.68
-239.955
758.601
809.416
137.99
329.706
723.656
-153.386
782.19
1078.65
808.443
-95.588
672.531
266.797
192.882
841.803
720.856
-12.5591
898.032
638.479
-57.3938
568.677
621.282
-22.2151
556.863
935.89
4.06552
715.31
891.862
260.074
210.134
706.934
-12.6701
755.181
1068.13
840.67
-215.037
738.71
404.189
93.0695
784.728
805.523
-251.717
1047.05
849.977
84.7324
419.684
656.32
-38.9754
472.01
919.693
264.297
658.263
957.393
387.55
82.8008
721.337
200.149
531.373
929.372
869.015
-339.547
807.717
547.113
42.5003
744
946.57
-377.165
909.018
852.12
239.588
497.359
1245.64
-426.915
963.868
1127
806.025
-43.2981
728.452
263.983
221.293
894.011
750.356
37.2633
956.074
650.356
-68.0752
617.232
649.33
-17.6844
624.998
1002.62
-45.6543
774.734
952.427
257.603
244.709
742.035
-73.6112
868.164
1203.67
910.771
-210.246
763.502
398.968
118.534
859.712
834.368
-206.937
1082.25
874.485
46.3682
472.119
681.478
-42.1116
524.991
1005.24
240.234
703.725
987.644
368.689
132.85
792.298
183.311
599.635
1001.7
914
-345.741
858.642
549.796
55.4565
800.113
987.571
-415.074
1007.2
901.45
256.195
377.14
776.15
8.1582
443.759
970.337
468.784
683.353
1078.43
510.142
-10.7647
741.927
336.538
414.366
948.49
988.839
-401.259
938.087
771.565
30.8926
628.284
911.195
-339.147
909.068
1022.04
525.304
227.374
764.57
82.6849
420.768
1101.65
727.693
383.012
974.656
535.657
-90.2441
1146.55
1598.52
-452.685
1142.92
866.516
7.82322
533.687
711.206
-43.8346
580.572
1082.62
198.907
758.064
1026.25
356.164
177.945
856.495
156.844
678.114
1081.79
953.415
-335.144
916.792
553.71
69.1462
855.64
1014.75
-443.622
1117.83
954.65
227.42
425.484
823.119
-10.5341
484.883
1015.65
435.616
746.148
1165.14
531.327
4.13304
782.653
314.523
501.686
1045.35
1029.18
-409.773
960.815
754.877
25.2788
716.821
982.207
-372.051
977.953
1068.09
506.475
274.83
803.519
66.4274
456.97
1149.82
751.838
462.305
1049.34
576.885
-71.332
816.993
483.2
248.707
947.465
1221.33
-501.969
1041.39
926.15
93.541
536.612
977.46
-305.219
945.806
1137.71
729.168
121.883
901.019
244.638
309.265
1047.81
803.122
225.652
1129.89
693.351
-98.0919
725.16
621.367
44.5141
878.289
1251.87
-200.622
922.715
1065.53
152.08
347.208
2095.66
710.917
734.034
1223.27
542.507
26.9515
831.569
296.231
569.859
1108.06
1062.63
-418.936
990.411
738.73
30.1467
818.069
1067.42
-409.178
1045.58
1082.75
462.697
331.766
849.956
52.3392
489.416
1186.98
758.941
554.856
1121.01
590.815
-54.3147
860.678
479.859
304.703
1000.28
1223.49
-517.016
1124.54
964.957
82.5464
595.12
1018.67
-354.361
1007.26
1175.52
717.28
167.667
926.025
218.803
357.189
1122.62
828.373
296.067
1169.51
703.411
-108.514
775.359
614.557
92.7187
985.797
1372
-287.326
997.937
1075.16
185.593
432.269
945.65
-204.156
1050.73
1454.59
1093.96
-142.987
887.402
351.858
257.518
1119.23
955.186
-36.4656
1192.66
843.618
-65.5782
750.536
813.413
-37.8478
734.03
1226.13
28.3293
935.836
1165.73
340.075
276.686
932.447
-0.00816609
969.611
1378.06
1087.66
-275.308
1015.42
647.193
-181.51
1832.34
1571.6
-608.89
1193.89
997.287
69.3203
662.072
1066.88
-386.989
1062.67
1218.51
707.028
210.386
942.31
176.349
423.366
1213.68
861.66
360.784
1200.41
711.909
-116.986
833.838
611.288
145.928
1069.24
1483.9
-385.957
1072.47
1094.17
164.819
493.031
1021.66
-238.145
1077.22
1437.71
1049.49
-68.9414
944.196
343.295
290.318
1169.29
982.074
24.6285
1246.34
844.707
-78.9774
804.821
843.289
-32.6849
807.015
1290.11
-37.0514
999.829
1225.82
333.017
316.146
961.651
-81.392
1108.28
1530.17
1163.89
-271.648
999.239
521.112
151.172
1106.92
1086.33
-297.237
1428.24
1142.7
82.9283
606.201
880.755
-63.116
679.862
1282.31
328.449
905.04
1278.35
479.4
164.287
1010.97
241.698
760.605
1285.48
1173.72
-446.729
1107.67
713.555
69.9068
1033.07
1280.41
-534.698
1285.89
1152.91
334.42
539.852
1223.73
696.295
1547.66
1663.8
1082.56
-36.0348
999.349
331.346
326.529
1223.53
1002.79
100.741
1311.76
852.45
-91.7343
845.187
831.952
-18.0133
896.56
1371.08
-103.522
1063.55
1285.64
320.867
362.096
1002.22
-146.726
1212.08
1694.13
1246.74
-264.349
1018.66
501.383
192.56
1198.88
1113.79
-233.175
1436.9
1128.86
28.0266
673.508
905.448
-63.8494
741.062
1368.97
278.26
960.017
1308.38
456.036
222.644
1093.8
211.052
846.708
1367.15
1210.12
-431.675
1165.23
709.144
86.8082
1089.27
1299.99
-570.637
1408.35
1206.04
307.915
536.396
1040.01
-14.3229
620.515
1293.51
577.495
939.866
1466.06
665.622
7.83677
994.181
409.042
609.674
1308.75
1300.84
-518.195
1230.47
973.612
33.4543
891.588
1232.12
-471.224
1239.85
1359.04
663.345
339.139
1015.35
82.2909
586.067
1465.05
958.949
556.84
1311.98
704.759
-56.9179
1476.54
1748.28
326.788
1542.88
1222.89
-39.6819
743.853
932.227
-62.7585
805.293
1449.04
209.932
1025.88
1349.93
441.39
268.693
1125.38
157.563
951.914
1466.56
1251.59
-407.249
1212.92
701.274
106.069
1152.21
1319.65
-582.895
1544.64
1267.73
266.845
587.839
1064.42
-41.5076
671.44
1345.69
531.487
999.312
1554.11
681.896
30.3978
1040.54
379.259
699.385
1388.63
1332.13
-523.847
1251.21
941.392
35.2679
1007.14
1320.99
-509.774
1309.77
1368.54
606.167
404.755
1059.7
64.0434
620.268
1498.8
965.91
662.862
1391.71
733.732
-67.7385
1078.45
604.79
361.943
1251.37
1542.48
-646.44
1394.96
1203.28
106.942
735.721
1271.67
-434.737
1257.95
1472.32
910.893
200.684
1165.73
281.257
441.253
1394.94
1038.05
345.916
1468.48
876.428
-126.013
964.152
773.258
92.1878
1209.11
1674.85
-319.795
1223.13
1329.84
133.606
694.347
1605.2
-270.355
1393.64
1708.27
714.501
51.3597
1094.11
349.97
781.663
1456.5
1366.61
-533.741
1282.85
915.208
49.0602
1125.98
1423.72
-558.593
1391.34
1377.98
545.172
472.17
1110.23
44.6477
655.658
1527.99
951.098
787.127
1479.57
748.584
-46.5796
1115.66
590.647
436.957
1315.12
1537.79
-652.556
1481.51
1240.09
90.941
807.824
1316.43
-478.541
1317.69
1508.94
888.91
252.695
1175.26
231.945
511.635
1488.02
1066.27
425.074
1492.87
880.058
-138.161
1023.43
760.419
157.433
1314.17
1803.6
-436.203
1311.71
1356.51
209.832
597.035
1242.94
-288.555
1341.23
1803.26
1326.46
-110.681
1157.98
426.417
356.177
1445.44
1216.01
2.92223
1537.33
1045.03
-88.5473
989.014
1034.8
-48.0372
984.478
1577.97
-18.3415
1222.03
1498.74
411.567
383.97
1184.33
-73.4097
1326.63
1841.79
1412.4
-336.88
1211.74
613.695
200.001
1559.32
2593.41
-1153.32
1608.49
1281.77
74.9644
890.366
1368.56
-513.219
1379.73
1558.69
870.287
302.721
1186.53
171.453
600.003
1600.71
1103.58
503.033
1522.93
881.684
-140.606
1093.91
751.679
224.896
1396.64
1916.63
-566.19
1401.41
1372.47
185.714
670.804
1336.57
-336.788
1371.01
1775.06
1260.05
-11.0768
1226.93
411.673
395.386
1498.25
1235.01
90.1764
1598.97
1042.81
-103.337
1035.92
1032.95
-34.059
1079.04
1656.6
-99.5857
1291.66
1565.43
398.631
432.598
1218.63
-162.251
1462.95
2024.1
1499.53
-322.932
1252.87
623.643
223.204
1445.8
1362.06
-315.931
1775.58
1391.17
60.3607
808.264
1102.22
-84.4894
897.638
1652.87
366.882
1160.01
1594.85
562.78
257.973
1312.55
268.052
1009.1
1650.17
1469.55
-533.78
1412.83
869.751
102.283
1321.98
1590.58
-693.472
1689.01
1457.66
396.792
641.297
1271.05
-9.84414
486.554
2877.52
1650.72
-132.772
1267.47
387.872
439.583
1552
1238.82
199.025
1678.93
1049.76
-118.866
1073.42
993.948
-6.86726
1194.02
1756.49
-184.157
1359.24
1615.71
371.294
493.81
1267.08
-232.077
1556.86
2189.4
1589.52
-311.614
1268.53
587.945
284.688
1559.9
1392.76
-239.43
1773.77
1350.01
-1.52507
896.458
1129.59
-83.2633
968.945
1745.88
288.849
1226.76
1628.45
537.585
316.857
1363.08
210.831
1121.68
1751.03
1507.51
-507.175
1479.64
859.054
123.479
1385.15
1602.13
-713.81
1836.45
1516.91
343.227
704.485
1296.16
-45.8688
806.449
1619.63
667.328
1195.1
1857.37
818.184
33.3652
1249.75
468.181
821.731
1669.06
1605.88
-631.522
1517.09
1155
40.257
1181.95
1568.07
-608.579
1572.59
1662.42
762.082
470.817
1269.77
78.2964
750.325
1816.31
1177.48
760.426
1660.25
877.268
-75.5362
1369.63
937.553
-75.7164
2542.39
1713.66
-85.9086
979.67
1156.31
-77.2241
1032.45
1785.75
184.367
1308.56
1676.69
520.373
366.474
1382.31
129.678
1256.72
1874.66
1552
-462.395
1487.65
832.629
150.241
1454.3
1606.46
-681.103
1991.09
1588.82
289.234
756.714
1287.75
-80.5207
870.528
1684.68
614.087
1241.74
1893.01
807.25
76.1599
1305.91
430.459
915.746
1739.2
1633.4
-636.655
1540.06
1112.35
53.9034
1317.25
1676.97
-658.879
1654.9
1659.33
683.743
550.721
1321.04
55.8039
786.347
1837.89
1159.08
897.966
1748.29
888.784
-58.0663
1337.95
715.073
495.775
1563.51
1850.13
-783.275
1762.61
1479.99
114.735
949.155
1567.07
-567.668
1572.5
1803.54
1078.35
289.577
1414.66
297.803
591.454
1757.39
1272.48
480.894
1790.16
1050.47
-156
1211.61
915.177
160.863
1556.28
2119.34
-474.918
1545.89
1619.54
238.188
747.476
1649.66
1174.84
2134.76
2191.14
830.205
113.857
1370.02
395.165
1002.95
1800.88
1668.91
-647.793
1576.53
1078.51
75.3126
1429.5
1786.84
-718.717
1753.32
1666.27
606.225
624.004
1374.58
31.9853
821.383
1844.14
1077.04
1065.52
1857.38
906.346
-33.7856
1365.22
686.455
593.28
1643.09
1840.22
-770.09
1794.28
1494.35
92.8148
1037.41
1616.36
-606.874
1634.2
1845.23
1048.19
347.713
1415.89
223.334
690.178
1873.97
1306.21
570.62
1810.6
1045.93
-161.89
1284.32
898.118
240.818
1647.16
2251.59
-623.201
1641.03
1630.84
227.451
777.568
1557.9
-386.524
1630.77
2131.89
1530.09
-49.073
1439.77
493.037
462.408
1772.66
1468.16
70.7328
1887.13
1238.66
-113.837
1227.98
1244.28
-52.0628
1255.1
1940.37
-85.2212
1514.23
1836.96
475.92
501.255
1436.95
-169.904
1708.47
2343.94
1749.87
-386.404
1480.15
728.214
291.191
1880.92
1970.72
-406.522
1868.18
1513.24
72.7419
1136
1675.45
-639.827
1702.88
1904.02
1021.18
406.239
1428.42
160.616
781.446
2005.81
1346.91
664.006
1844.56
1043.96
-157.597
1367.83
885.998
319.988
1697.8
2277.3
-769.064
1745.82
1646.71
201.366
861.925
1659.68
-451.527
1666.15
2096.18
1443.09
71.5163
1516.68
470.965
508.04
1825.74
1470.91
190.961
1963.03
1236.44
-130.755
1263.69
1191.63
-23.8318
1376.18
2039.24
-182.653
1585.84
1892.35
446.584
566.153
1481.68
-257.012
1824.95
2559.13
1853.22
-372.298
1498.8
706.804
316.561
1806.52
1637.26
-314.551
2108.67
1614.58
23.3781
1030.63
1323.66
-103.835
1126.05
2028.23
375.178
1425.72
1910.18
638.174
360.411
1605.34
271.981
1282.93
2031.1
1763.31
-606.036
1726.03
1016.81
139.726
1616.77
1889.82
-846.056
2120.53
1766.65
428.783
809.381
1506.1
-134.594
1102.85
2325.82
899.157
329.857
1625.89
447.929
559.511
1885.01
1465.37
329.741
2060.79
1242.93
-149.379
1305.6
1141.82
23.9135
1520.28
2164.48
-289.951
1662.09
1934.34
407.052
641.136
1541.56
-312.251
1870.84
2643.21
1925.38
-345.567
1517.65
663.155
386.475
1913.32
1663.43
-224.267
2099.84
1549.89
-40.011
1138.82
1354.21
-97.7468
1198.67
2090.2
260.331
1509.06
1951.86
613.589
418.27
1623.18
183.107
1427.12
2157.06
1804.17
-556.534
1749.31
986.416
168.697
1688.91
1891.97
-835.343
2298.58
1839.39
364.014
873.843
1515.67
-86.6998
1004.81
1954.32
741.814
1447.19
2228.11
951.764
75.5408
1513.03
517.065
1040.48
2017.43
1902.82
-741.584
1800.67
1318.42
57.1307
1500.47
1925.68
-756.325
1915.16
1946.65
832.358
619.917
1529.53
69.04
916.287
2151.4
1371.53
996.981
2015.21
1032.67
-73.5857
1542.06
802.599
594.613
2367.87
1519.64
-195.782
1234.15
1375.88
-85.4978
1271.51
2123.25
130.778
1603.87
2008.04
592.972
472.267
1633.46
68.6216
1598.6
2313.6
1860.36
-508.517
1752.23
951.353
201.835
1765.58
1878.39
-730.765
2443.95
1912.33
292.067
936.027
1503.57
-117.181
1077.02
2033.16
680
1483.24
2209.18
918.763
136.728
1581.52
472.844
1141.12
2084.13
1932.74
-749.041
1830.22
1269.93
79.8752
1643.39
2049.78
-819.982
2015.01
1941.75
737.538
705.034
1583.45
40.936
954.594
2158.19
1304.01
1174.47
2124.58
1044.61
-43.2917
1586.29
810.873
653.395
1888.46
2146.63
-904.074
2095.04
1739.63
116.07
1179.52
1865.93
-697.585
1887.36
2134.22
1232.91
387.552
1650.29
283.508
772.821
2142.56
1510.05
630.486
2103.17
1215.39
-183.282
1471.08
1049.46
247.719
1889.34
2566.12
-663.391
1876.14
1894.01
276.394
878.58
1792.94
-640.923
2103.36
2694.26
1052.26
94.4414
1635.13
421.261
1242.08
2151.99
1966.95
-751.468
1873.97
1230.58
107.958
1738.09
2164.07
-892.87
2137.47
1951.53
650.465
788.748
1646.65
13.1779
989.529
2149.41
1163.32
1379.42
2254.07
1063.79
-15.8951
1613.8
766.982
777.542
1987.72
2136.9
-880.199
2097.28
1741.22
88.5792
1286.15
1921.83
-734.394
1955.97
2186.9
1195.75
453.162
1652.53
200.571
885.586
2283.07
1549.28
734.247
2128.74
1208.88
-183.902
1556.65
1028.62
339.475
1961.23
2639.37
-833.297
1985.69
1901.06
240.785
972.583
1892.5
-501.607
1922.61
2443.48
1704.7
42.2095
1730.83
550.918
576.59
2101.58
1708.66
170.831
2246.67
1427.54
-141.443
1454.36
1397.92
-43.0706
1551.7
2319.85
-172.639
1811.24
2171.05
526.679
633.529
1697.03
-268.596
2073.18
2878.28
2101.21
-431.418
1732.32
827.181
359.271
2150.63
2140.63
-1046.69
2649.34
2032.22
20.9674
1371.44
1963.98
-768.231
2031.55
2232.89
1143.82
528.839
1671.41
141.631
972.454
2435.5
1594.24
843.264
2164.69
1190.53
-154.069
1660.65
1015.34
430.825
1993.85
2612.24
-982.542
2104.94
1918.6
211.711
1066.94
1988.08
-585.125
1967.03
2408.29
1606.44
172.244
1821.67
521.842
628.761
2156.28
1693.99
326.007
2342.52
1426.76
-161.681
1493.25
1331.6
2.72296
1703.3
2444.46
-291.583
1892.64
2225.45
485.028
713.208
1752.95
-345.526
2148.49
3019.82
2190.44
-405.318
1743.39
775.968
428.385
2192.34
1915.03
-296.165
2426.92
1805.01
-20.7025
1275.06
1546.42
-119.71
1363.42
2400.98
349.608
1705.69
2229.07
711.029
465.143
1865.08
244.154
1588.68
2434.96
2058.53
-658.751
2017.24
1147.02
184.526
1920.91
2180.11
-977.344
2581.76
2084.45
444.922
985.866
1740.53
-138.591
1261.12
2629.16
2405.14
2866.36
2606.72
620.773
627.221
2210.91
1683.29
475.596
2386.18
1415.49
-179.139
1542.98
1274.5
77.0974
1881.39
2599.33
-420.141
1960.46
2199.7
418.027
808.518
1828.7
-396.96
2171.38
3055.46
2234.43
-352.734
1770.67
729.634
492.656
2245.66
1923.65
-187.73
2421.18
1731.82
-76.0992
1411.17
1584.65
-108.542
1435.73
2421.6
200.277
1805.69
2280.63
684.307
525.548
1869.25
121.876
1768.65
2593.01
2108.8
-597.591
2015.7
1102.92
220.73
1998.7
2159.79
-882.948
2752.94
2162.67
364.615
1052.68
1725.23
-134.508
1218.3
2302.83
805.317
1686.06
2536.06
1060.31
137.596
1786.37
554.074
1274.63
2369.84
2200.13
-852.087
2086.63
1469.85
82.595
1840.43
2303.32
-917.598
2273.79
2223.64
880.711
780.516
1792.72
52.8382
1086.34
2478.62
1540.67
1270.3
2387.5
1185.57
-57.7136
1790.97
887.695
810.366
2798.88
3384.76
-251.553
1937.64
1766.61
-94.3146
1518.6
2461.78
59.0519
1897.01
2337.63
657.818
586.258
1875.76
-29.3565
1977.53
2788.12
2178.85
-547.255
1993.09
1054.8
262.629
2090.21
2141.11
-744.491
2844.96
2209.01
274.888
1129.05
1715.19
-146.591
1289.67
2394.15
728.744
1724.69
2504.01
986.148
236.154
1874.51
505.328
1379.91
2432.39
2230.36
-855.798
2124.52
1417.06
113.422
1951.06
2425.09
-993.261
2396.49
2221.17
774.825
873.154
1854.44
21.7595
1121.8
2457.99
1382.55
1498.06
2521.51
1201.6
-24.38
1831.47
888.777
837.841
2231
2435.74
-1009.61
2392.13
1982.63
110.876
1428.55
2168.68
-829.023
2209.33
2471.92
1376.61
495.321
1881.72
251.87
977.183
2552.6
1751.78
796.775
2415.29
1373.81
-205.496
1743.44
1176.12
351.595
2226.92
3012.8
-887.055
2221.85
2160.67
287.54
1069.99
2100.6
-896.965
2811.57
4079.23
264.794
480.554
2025.5
453.812
1490.9
2513.73
2265.58
-848.845
2174.63
1372.66
145.311
2035.63
2489.79
-1062.43
2545.25
2240.62
678.907
962.924
1925.39
-13.6726
1163.43
2450.77
1231.51
1672.98
2652.14
1215.57
9.64179
1863.21
830.781
992.458
2352.63
2430.87
-982.172
2368.06
1922.04
81.59
1559.02
2237.97
-865.299
2285.25
2523.11
1322.05
574.579
1891.41
178.83
1077.61
2711.06
1794.81
916.047
2444.91
1354.85
-184.585
1848.51
1155.11
454.783
2258.45
2982.9
-1069.35
2348.59
2170.22
249.541
1178.35
2218.68
-634.07
2218.67
2745.27
1857.6
151.849
2033.15
600.197
698.138
2429.21
1928.82
309.693
2622.51
1614.4
-172.761
1681.96
1531.64
-20.1206
1878.22
2721.07
-283.171
2115.69
2500.15
562.747
781.896
1964.49
-375.666
2430.53
3401.21
2456.51
-469.462
1974.09
897.979
459.502
2470.77
2271.82
-650.352
4761.84
2280.66
-158.753
1638.45
2217.17
-891.234
2370.37
2565.9
1250.42
665.069
1918.11
126.629
1146.59
2786.74
1814.94
1055.41
2494.91
1333.72
-141.765
1970.69
1139.2
556.222
2285.31
2901.6
-1157.33
2467.35
2185.07
217.097
1285.16
2316.35
-736.062
2276.24
2716.21
1753.76
285.532
2124.13
558.323
761.637
2496.65
1912.39
483.626
2697.59
1604.1
-193.73
1729.68
1461.16
54.487
2063.15
2876.86
-423.97
2193.58
2500.76
496.277
881.015
2037.39
-435.978
2458.87
3471.51
2525.01
-424.019
1991.61
839.286
535.956
2520.72
2170.34
-253.339
2740.2
1979.83
-66.038
1544.89
1773.3
-129.86
1599.53
2726.04
282.649
2003.57
2554.54
779.135
575.198
2110.28
183.825
1929.28
2867.05
2358.38
-693.412
2277.81
1259.31
237.34
2230.67
2448.73
-1048.95
3058.9
2412.3
444.376
1166.83
1952.98
-154.447
1388.07
2644.55
1003.06
1966.1
3887.79
894.08
534.283
2507.84
1876.86
648.932
2711.49
1581.44
-210.406
1789.46
1400.2
158.712
2251.83
3056.65
-585.675
2272.02
2457.16
418.189
993.569
2131.37
-482.306
2444.56
3370.71
2496.81
-326.358
2029.47
787.108
607.285
2579.59
2181.58
-130.954
2744.25
1903.88
-113.926
1705.08
1817.61
-116.729
1687.6
2759.4
118.586
2106.88
2611.27
747.664
641.846
2113.34
23.3446
2150.71
3065.57
2424.11
-631.052
2256.37
1203.83
281.6
2321.74
2418.48
-897.692
3206.43
2480.93
346.057
1244.99
1933.11
-164.615
1429.08
2659.04
849.979
1927.29
2829.55
1138.78
228.189
2075.49
584.638
1514.45
2714.46
2497.32
-962.942
2376.94
1610.9
116.573
2161.14
2682.91
-1090.52
2652.08
2497.1
909.78
950.638
2060.86
32.2935
1254.25
2773.99
1619.09
1597.57
2783.39
1339.86
-35.6374
2047.15
1001.02
919.858
2596.61
3023.82
-1600.44
4605.74
2984.14
-196.147
1747.65
2783.7
-34.0898
2196.76
2673.49
715.853
709.473
2116.96
-154.54
2393.9
3303.8
2513.81
-583.663
2226.95
1142.26
338.04
2432.25
2398.67
-724.94
3193.66
2483.02
235.801
1336.03
1921.7
-173.098
1516.17
2774.05
757.929
1972.84
2793.82
1037.43
358.077
2184.53
524.199
1638.34
2794.02
2528.12
-953.584
2423.12
1554.05
152.604
2267.51
2802.32
-1176.06
2803.78
2503.15
797.126
1050.68
2132.56
-5.25414
1294.29
2751.39
1434.3
1829.37
2931.22
1354.99
1.53636
2079.98
953.436
1054.36
2593.15
2723.34
-1109.21
2669.73
2185.59
101.24
1700.47
2481.06
-959.072
2538.41
2817.91
1508.91
614.203
2114.42
221.527
1178.05
2980.79
1995.58
982.129
2729.9
1525.18
-218.306
2031.9
1298.71
470.385
2522.18
3349.12
-1128.9
2584.3
2424.95
291.348
1282.42
2440.3
-770.645
2686.83
3767.46
3741.4
3637.66
3277.32
655.699
1709.7
2877.94
2549.65
-914.604
2484.19
1507.01
187.156
2329.68
2777.95
-1228.68
2983.76
2538.22
693.76
1143.05
2188.23
-50.0497
1348.85
2756.2
1281.73
1960.11
3059.41
1365.85
40.2267
2110.03
871.168
1237.42
2740.32
2725.1
-1082.62
2631.29
2079.67
74.2079
1860.13
2569.86
-1004.37
2626.37
2851.73
1425.02
712.854
2132.96
150.826
1273.44
3116.36
2031.16
1123.55
2767.95
1493.32
-171.145
2159.26
1276.97
583.382
2545.9
3271.43
-1270.35
2717.5
2435.31
252.575
1402.1
2564
-789.712
2524.99
3043.76
1995.38
274.7
2341.9
637.685
830.303
2764.78
2140.42
481.951
3016.39
1798.73
-207.532
1915.75
1654.77
27.7248
2236.68
3149.67
-420.051
2427.45
2812.46
582.238
947.412
2245.17
-467.585
2738.46
3854.24
2797.5
-491.343
2216.51
955.681
573.096
2791.62
2414.16
-283.494
4490.47
5049.6
-508.435
2428.16
2784.46
-1039.21
2710.16
2840.84
1301.66
825.777
2172.72
111.268
1315.36
3121.97
2018.66
1300.62
2840.51
1476.3
-122.126
2228.41
1238.5
703.553
2584.04
3174.94
-1311.63
2842.48
2451.93
220.151
1505.07
2599.63
-888.909
2592.55
3024.4
1890.16
405.503
2407.41
574.574
912.776
2852.44
2131.38
653.922
3016.75
1766.56
-225.589
1972.63
1577.18
132.421
2448.32
3335.86
-587.591
2501.24
2750.29
491.554
1067.68
2337.48
-522.572
2732.56
3799.98
2794.68
-399.249
2246.24
891.915
655.436
2858.35
2426.82
-192.576
3054.86
2142.72
-108.859
1841.67
2005.08
-137.137
1848.65
3055.73
188.964
2314.67
2887.01
841.517
692.871
2351.27
86.3012
2311.56
3335.71
2669.86
-721.755
2528.17
1359.58
298.064
2551.19
2701.8
-1059.04
3534.74
2741.3
423.427
1358.21
2156.11
-177.864
1558.76
2893.62
485.054
3708.9
6209.26
285.874
936.287
2977.58
2117.69
816.301
3012.49
1738.96
-244.003
2047.42
1519.19
262.644
2634.07
3536.51
-789.892
2600.34
2710.92
420.967
1183.91
2444.2
-580.508
2714.35
3657.73
2698.1
-256.15
2301.68
842.239
720.591
2898.92
2430.63
-49.7789
3074.33
2069.85
-148.765
1976
2038.11
-121.052
1958.7
3108.25
20.0038
2408.83
2944.41
804.311
765.656
2347.35
-109.176
2569.63
3578.12
2753.93
-661.149
2484.5
1289.68
354.984
2660.97
2669.52
-869.193
3557.81
2755.28
304.816
1451.77
2135.3
-194.445
1655.65
3035.02
877.201
2172.29
3111.16
1184.98
351.175
2382.99
602.784
1772.44
3069.47
2790.88
-1060.47
2673.65
1742.94
157.142
2483.79
3077.26
-1279.34
3056.88
2771.02
925.041
1133.26
2338.66
5.46337
1424.92
3060.38
1655.82
1960.05
3200.47
1494.91
-9.3294
2296.75
1078.29
1116.35
2828.03
3314.71
-2249.36
6700.74
3012.9
-317.925
2026.49
3173.64
-142.496
2502.74
3017.33
767.026
843.458
2363.45
-298.678
2829.14
3864.71
2868.34
-618.813
2460.58
1219.72
427.069
2792.88
2654.62
-684.052
3513.48
2714.04
175.368
1560.72
2129.02
-190.778
1752.7
3176.25
764.128
2231.48
3083.87
1084.94
490.717
2508.14
525.976
1919.49
3172.27
2823.86
-1036.27
2728.83
1683.61
195.794
2558.67
3084.55
-1345.55
3238.42
2793.35
805.831
1235.61
2405.43
-41.3587
1476.12
3048.23
1473.55
2126.88
3338.66
1504.1
33.652
2325.44
993.906
1300.54
2977.93
3010.54
-1204.3
2927.68
2342.68
90.0926
1999.21
2807.81
-1095.69
2875.17
3140.9
1607.46
755.155
2351.48
185.674
1386.36
3435.94
2244.74
1185.88
3044.79
1658.06
-203.898
2342.42
1417.84
604.068
2812.02
3656.65
-1373.74
2962
2688.8
291.904
1508.53
2788.29
-871.232
2903.53
3670.6
2712.96
-127.674
4844.79
906.781
2052.19
3338.57
2875.99
-977.196
2805.48
1634.12
233.94
2631.72
3056.34
-1382.47
3457.62
2848.71
693.481
1335.45
2456.43
-95.8628
1545.2
3069.87
1318.3
2240.77
3472.84
1513.85
77.5624
2361.71
893.547
1518.76
3157.41
3025.6
-1185.89
2890.54
2209.27
76.1809
2193.01
2921.66
-1152.38
2978.02
3162.88
1496.9
869.508
2382.61
133.854
1442.06
3450.48
2240.13
1367.17
3106.25
1630.9
-149.257
2448.89
1382.72
731.178
2840.06
3539.82
-1445.08
3094.04
2698
253.469
1627.06
2861.13
-948.215
2838.16
3341.9
2120.57
407.941
2652.15
659.608
977.191
3115.3
2354.18
659.71
3328.18
1956.9
-239.947
2156.39
1764.11
101.781
2634.08
3609.58
-581.793
2730.55
3052.97
572.27
1135.48
2541.65
-562.312
3029.23
4249
3099.51
-479.528
2465.82
1004.51
695.125
3129.03
2670.16
-238.537
3742.73
2949.86
-920.477
6258.63
5310.07
-1569.27
3165
3097.87
1327.23
1004.28
2435.66
91.1803
1485.5
3437.07
2188.09
1586.69
3206.29
1618.72
-97.1392
2490.08
1328.34
871.587
2894.43
3435.79
-1442.82
3232.7
2720.91
217.965
1740.39
2886.88
-1056.75
2922.82
3340.19
2021.12
522.883
2631.52
561.324
1086.55
3227.96
2352.04
838.403
3328.03
1921.84
-258.964
2228.19
1690.96
240.156
2847.73
3824.53
-791.468
2825.8
2995.92
484.341
1265.45
2651.03
-619.887
2999.59
4088.05
3039.97
-349.687
2510.46
941.658
773.711
3180.17
2674.56
-108.441
3375.42
2298.69
-150.472
2147.87
2236.14
-141.715
2117.05
3398.15
82.8856
2617.94
3216.56
896.006
818.577
2583.14
-51.7093
2733.6
3845.13
2994.45
-744.918
2749.82
1443.95
368.966
2887.55
2947.47
-1030.55
3931.41
3031.58
381.738
1564.44
2354.9
-211.673
1788.27
3286.46
842.72
2873.57
4824.14
4645.36
4468.71
4717.33
2862.08
834.733
3299.63
1884.78
-270.985
2320.96
1633.47
383.834
2983
4009.3
-1033.55
2946.91
2960.63
418.279
1392.15
2779.34
-693.237
2983.98
3920.68
2833.07
-138.415
2590.58
890.631
841.561
3220.82
2669.27
63.1715
3418.59
2235.11
-180.806
2225.86
2246.5
-120.633
2252.11
3469.78
-95.1545
2715.27
3285.05
853.8
900.169
2586.96
-269.469
3031.3
4141.21
3105.7
-691.743
2710.51
1362.67
443.52
3019.79
2919.66
-819.967
3895.84
3020.24
242.723
1674.57
2337.28
-214.75
1892.28
3432.66
882.739
2426.46
3390.48
1218.34
496.108
2709.42
605.244
2053.45
3445.01
3089.6
-1151.91
2974.91
1866.79
201.951
2787.58
3396.6
-1457.97
3488.42
3053.23
926.697
1323.8
2623.8
-30.2076
1602.81
3346.72
1681.38
2281.39
3613.79
1643.1
24.7387
2543.51
1123.23
1357.97
3212.38
3397.16
-1701.31
5567.36
6677.13
-827.457
2972.35
3981.51
-243.796
2807.42
3350.74
800.562
995.816
2623.5
-431.455
3221.57
4457.72
3240.37
-653.234
2687.26
1273.78
543.542
3179.72
2913.7
-625.546
3805.08
2898.41
96.4343
1806.46
2338.82
-206.928
1998.51
3562.06
727.697
2506.68
3379.68
1130.94
630.095
2847.68
508.741
2224.95
3564.48
3104.65
-1082.33
3046.09
1806.44
243.507
2858.44
3359.33
-1511.77
3710.93
3097.44
801.26
1429.03
2671.13
-87.3999
1670.56
3352.76
1497.47
2424.05
3762.63
1652.63
71.1951
2573.51
1014.24
1582.08
3391.6
3303.52
-1301.59
3177.06
2464.84
84.7183
2331.66
3155.64
-1243.62
3230.37
3471.39
1690.92
909.696
2595.15
159.776
1567.03
3777.95
2457.3
1427.67
3374.76
1789.99
-180.425
2671.13
1532.09
751.449
3097.64
3910.46
-1558.31
3339.36
2947.51
289.072
1745.5
3127.4
-1014.54
3119.95
3712.86
2326.96
896.139
5246.69
-65.2589
2980.34
4060.5
3289.4
-1039.74
3088.72
1740.88
289.292
2945.96
3327.1
-1502.97
3964.93
3173.17
680.832
1522.7
2663.55
-152.817
1756.95
3398.3
1343.53
2514.24
3886.17
1652.43
127.131
2625.48
915.466
1770.52
3505.62
3302.38
-1283.13
3152.3
2325.16
92.0201
2564.11
3302.1
-1308.34
3326.95
3407.88
1508.84
1051.81
2641.92
112.264
1612.61
3765.55
2417.55
1650.25
3465.02
1769.27
-121.81
2707.8
1469.94
900.208
3142.26
3786.95
-1580.1
3485
2963.97
250.564
1862.02
3143.48
-1117.1
3164.13
3647.25
2241.74
534.796
2888.78
649.219
1149
3485.58
2569.16
855.217
3643.11
2109.68
-273.573
2408.53
1870.2
208.905
3034.28
4093.05
-782.879
3050.18
3289.25
553.187
1341.91
2856.51
-655.515
3286.09
4518.95
3340.99
-427.68
2724.06
1046.2
823.786
3466.02
2925.26
-180.348
3668.4
2472.25
-382.683
3260.83
8012.7
-2615.52
3803.43
3344.93
1339.04
1191.35
2702.73
63.6155
1660.56
3745.78
2326.12
1914.99
3597.44
1766.02
-68.4158
2733.03
1401.86
1065.31
3223.4
3693.06
-1559.44
3615.55
2984.9
209.1
1994.8
3182.09
-1196.14
3237.8
3652.04
2139.81
647.814
2843.84
512.907
1296.94
3632.95
2581.32
1026.73
3614.83
2070.01
-294.152
2497.19
1799.31
365.667
3213.68
4305.01
-1034.15
3169.09
3239.63
477.519
1473.52
2981.15
-728.992
3259.34
4331.96
3161.87
-225.19
2795.02
987.538
895.697
3498.94
2913.88
3.8669
3710.25
2454.84
-185.343
2403.02
2444.64
-141.567
2407.17
3752.6
-40.5804
2926.99
3554.24
943.883
953.768
2816.37
-215.826
3194.8
4400.69
3339.45
-768.794
2967.02
1511.88
456.776
3244.19
3190.45
-968.3
4259.78
3293.4
316.959
1786.1
2550.27
-239.636
2030.41
3687.6
1014.9
2605
3735.4
1306.69
239.821
7592.05
4587.51
570.491
3567.26
2019.31
-287.187
2610.23
1742.12
520.836
3333.84
4473.86
-1315.15
3315.02
3210.44
414.601
1614.62
3137.87
-826.849
3261.91
4174.59
2942.38
12.853
2897.45
931.797
970.529
3548.65
2897.79
210.245
3774.58
2398.81
-214.754
2458.51
2385.64
-103.788
2578.27
3856.71
-227.946
3028.69
3635.25
895.786
1047.25
2838.74
-417.414
3447.73
4734.67
3473.91
-720.732
2935.45
1420.82
551.717
3401.94
3171.05
-749.074
4173.79
3195.15
158.019
1918.32
2541.95
-230.335
2139.82
3833.85
853.458
2696.68
3677.5
1257.65
641.348
3047.3
588.629
2357.48
3832.74
3370.73
-1203.85
3287.7
1984.74
250.896
3085.5
3668.26
-1630.06
3954.93
3348.33
916.835
1518.39
2886.69
-76.3697
1794.96
3642.04
1693.37
2587.75
4035.63
1790.14
63.4591
2787.55
1141.66
1634.68
3618.28
3575.46
-1400.47
3628.09
3264.88
-716.718
6327.26
5828.32
-354.449
3114.75
3671.37
815.18
1167.67
2895.08
-567.218
3595.25
5016.82
3612.42
-679.628
2913.96
1311.74
683.797
3596.99
3180.15
-556.573
4082.9
3037.05
16.1189
2082.85
2554.58
-220.142
2258.98
3968.74
659.138
2797.93
3684.13
1180.51
759.456
3098.33
446.039
2570.14
3987.86
3394.26
-1120.16
3375.42
1922.22
296.771
3169.49
3626.06
-1644
4215.06
3415.55
782.504
1628.44
2917.59
-144.296
1878.79
3671.62
1513.33
2701.02
4179.58
1797.06
117.026
2830.99
1025.59
1865.77
3782.53
3587.97
-1398.52
3431.58
2573.35
92.6267
2697.22
3526.52
-1397.21
3580.08
3727.77
1707.25
1092.16
2849.92
135.899
1739.17
4101.02
2649.39
1705.95
3725.05
1923.76
-150.211
2927.04
1616.41
922.436
3394.21
4151.53
-1713.69
3729.91
3208.54
285.102
1980.15
3404.13
-1170.13
3398.14
3936.28
2377.93
821.645
4498.39
5005.29
4973.84
5054.94
3709.61
-1121.52
3321.73
1824.34
355.238
3266.3
3571.67
-1538.81
4482.89
3510.26
650.708
1714.98
2844.86
-217.36
1986.82
3747.3
1367.08
2755.93
4178.88
1740.24
210.685
2903.62
924.013
2042.72
3868.31
3585.71
-1384.01
3422.06
2434.35
124.464
2946.61
3703.8
-1482.51
3698.81
3653.08
1505.77
1249.11
2911.09
84.9728
1786.65
4072.07
2562.78
1977.66
3848.79
1910.79
-90.0617
2962.9
1545.25
1093.07
3463.56
4032.6
-1701.24
3892
3232.92
241.551
2114.93
3433.2
-1277.37
3489.44
3955.94
2354.64
665.698
3102.41
612.366
1345.95
3880.86
2790.89
1053.52
3928.81
2253.97
-309.42
2674.42
1972.03
339.283
3442.55
4599.58
-1026.25
3389.86
3525.58
542.016
1550.3
3181.81
-763.74
3542.19
4762.28
3507.16
-324.293
2999.98
1088.63
946.975
3780.76
3163.92
-69.5327
3956.61
2614.35
-324.391
4181.41
6601.85
-2156.5
4208.45
3775.39
1352.77
1363
2968.02
31.6507
1831.82
4013.62
2341.09
2307.67
4018.13
1917.22
-36.508
2968.93
1456.86
1288.19
3575.85
3945.74
-1643.8
3892.19
3207.35
192.611
2270.4
3483.23
-1339.23
3564.52
3978.04
2251.49
779.721
3051.92
441.458
1538.04
4067.38
2818.2
1228.8
3903.62
2206.17
-315.133
2785.82
1903.77
508.785
3575.76
4802.3
-1323.9
3535.02
3482.23
467.898
1699.35
3336.81
-858.403
3528.46
4571.37
3262.16
-71.4683
3098.34
1026.73
1025.54
3822.84
3142.62
150.211
4059.66
2610.78
-220.77
2652.96
2631.3
-131.947
2726.27
4128.81
-178.736
3240.08
3901.06
984.931
1100.38
3058.34
-395.561
3669.88
5005.84
3707.52
-793.742
3187.7
1571.17
559.541
3621.69
3434.55
-887.878
4554.93
3501.88
230.202
2027.56
2749.28
-254.579
2279.35
4107.21
1005.05
2835.97
3867.36
955.021
1207.6
5701.63
2948.56
1524.7
4024.39
2230.78
-324.412
2914.36
1848.16
671.369
3621.34
4777.91
-1609.23
3702.22
3461.9
408.535
1849.37
3497.93
-982.217
3548.47
4423.99
3029.58
182.345
3209.98
963.215
1107.23
3874.1
3099.39
402.371
4153.62
2565.21
-251.702
2684.17
2478.46
-68.9397
2938.21
4270.39
-379.227
3340.08
3956.2
909.484
1219.26
3105.16
-570.866
3857.72
5377.38
3868.01
-753.149
3154.75
1454.43
691.382
3814.65
3429.87
-667.886
4446.55
3343.54
64.8865
2190
2752.34
-243.788
2399.37
4235.16
785.135
2984.01
3972.42
1295.69
786.731
3352.21
539.546
2695.35
4246.84
3652.94
-1237.49
3614.52
2096.79
304.691
3393.01
3931.04
-1784.72
4460.92
3660.49
892.82
1725.69
3156.46
-132.616
1999.78
3950.2
1696.05
2881.47
4462.04
1934.88
109.182
3038.48
1141.43
1954.62
4062.16
3871.03
-1487.47
3559.61
2734.24
-226.707
3384.19
7801.95
-1045.89
3636.78
4045.87
821.838
1355.83
3184.15
-674.94
3895.31
5469.05
3960.46
-685.647
3147.18
1343.02
826.878
3977.44
3433.15
-469.091
4359
3160.58
-65.04
2381.05
2774.14
-225.364
2511.94
4296.77
536.672
3112.99
4000.79
1229.34
891.842
3336.31
347.689
2954.42
4443.72
3685.3
-1118.01
3608.15
2003.26
362.042
3491.8
3879.59
-1734.66
4762.9
3754.83
752.182
1820.21
3093.17
-211.049
2105.05
4010.56
1522.89
2963.72
4544.25
1904.91
190.451
3103.74
1031.83
2139.5
4139.54
3862.97
-1494.24
3690.95
2670
120.337
3093.92
3929.04
-1566.76
3944.63
3961.64
1693.53
1293.14
3115.34
107.688
1912.45
4401.15
2800.23
2029.58
4100.17
2059.14
-115.33
3188.4
1691.73
1114.96
3706.28
4383.47
-1839.48
4136.48
3473.4
275.877
2231.51
3687.49
-1356.54
3739.41
4258.82
2565.44
688.057
3454.76
952.137
367.171
6850.19
4829.82
-1619.18
3548.17
1894.06
433.182
3599.66
3800.23
-1496.38
4989.6
3846.71
598.312
1920.87
3025.05
-267.853
2220.93
4111.83
1376.12
2996.22
4441.86
1811.81
312.389
3198.52
929.021
2314.12
4214.65
3870.74
-1487.76
3700.82
2536.72
167.098
3336.48
4123.84
-1672.74
4092.41
3896.33
1481.27
1446.28
3179.66
50.3803
1962.53
4351.59
2625.64
2359.07
4263.64
2058.3
-55.1745
3196.84
1602.52
1314.66
3807.9
4275.77
-1794.73
4212.91
3468.91
225.004
2389.27
3731.8
-1422.68
3811.87
4270.71
2459.17
801.567
3301.68
532.489
1589.26
4310.75
3022.89
1260.75
4209.13
2389.67
-337.925
2958.44
2071.28
486.233
3803.39
5091.97
-1311.84
3750.5
3760.31
526.7
1777.83
3532.92
-888.503
3801.01
4984.17
3596.72
-167.529
3296.32
1125
1077.98
4100.06
3392.29
79.0182
4339.79
2819.34
-220.325
3092.76
3551.93
-526.26
5863.5
5065.35
1478.21
1498.69
3228.49
-8.18607
2007.17
4275.44
2311.95
2734.89
4462.68
2069.76
-0.378393
3207.56
1494.64
1545.6
3953.62
4202.61
-1723.83
4160.41
3423.7
169.959
2569.75
3795.19
-1475.58
3898.09
4317.64
2354.85
920.841
3262.57
362.377
1791.97
4531.96
3062.14
1448.86
4202.47
2345.85
-333.329
3088.34
2004.37
663.431
3891.35
5166.17
-1627.6
3920.19
3726.67
458.357
1939.43
3717.81
-1011.92
3808.53
4805.17
3337.52
111.194
3412.43
1056.94
1163.9
4151.14
3355.41
335.826
4428.37
2768.95
-257.591
2875.74
2717.41
-101.126
3081.4
4534.16
-335.067
3556.16
4236.92
1006.33
1267.52
3318.31
-553.911
4083.11
5642.91
4095.09
-819.778
3402.18
1604.45
694.299
4029.03
3684.97
-793.122
4819.6
3656.27
125.341
2292.37
2953.04
-268.22
2537.69
4502.24
923.816
3157.81
4232.67
1301.42
1065.72
4928.69
5468.76
4527.21
4961.57
2519.07
-364.28
3234.7
1949.73
836.303
3903.09
5048.8
-1895.64
4105.05
3715.57
398.592
2098.23
3857.91
-1162.25
3848.99
4677.67
3107.49
360.864
3544.52
986.352
1252.68
4206.45
3286.71
633.34
4558.15
2733.33
-292.506
2914.36
2555.42
-9.55163
3337.33
4718.39
-560.011
3670.77
4290.87
914.934
1406.02
3386.65
-694.356
4178.65
5844.3
4218.27
-758.927
3379.63
1475.91
852.598
4258.77
3698.03
-577.683
4709.44
3452.15
-25.5898
2489.17
2968.37
-252.3
2666.55
4622.03
673.931
3292.49
4280.28
1339.72
924.072
3590.74
445.023
3075.8
4695.41
3941.28
-1244.72
3893.37
2186.32
367.93
3714.83
4187.17
-1897.02
5002.83
3989.91
857.885
1923.52
3348.57
-200.71
2222.37
4278.01
1691.07
3163.6
4885.7
2068.19
168.817
3304.8
1144.96
2229.94
4413.05
4144.8
-1602.24
3908.97
2842.96
27.7909
3920.85
5265.79
-2074.75
4256.56
4389.02
808.746
1562.17
3490.04
-783.553
4173.12
5839.78
4252.68
-648.232
3392.54
1370.34
966.358
4310.62
3671.67
-362.111
4641.1
3272.59
-129.848
2719.54
3005.83
-226.356
2772.52
4606.12
381.612
3445.88
4329.58
1275.77
1026.72
3554.78
205.882
3384.8
4942.34
3993.17
-1114.89
3845.39
2076.96
434.593
3820.47
4101.8
-1693.27
5270.01
4090.18
698.268
2023.68
3262.71
-283.249
2351.69
4374.35
1530.11
3198.96
4793.94
1973.44
292.336
3392.92
1027.98
2426.29
4501.15
4144.86
-1594.78
3961.92
2763.08
161.117
3508.83
4356.66
-1755.79
4333.43
4196.2
1662.3
1500.72
3385.3
71.6331
2091.34
4695.91
2914.65
2399.16
4505.39
2202.01
-77.6271
3426.08
1749.24
1335.07
4041.37
4616.35
-1947.91
4530.01
3732.49
259.612
2503.82
3981.65
-1503.63
4060.18
4569.86
2678.6
800.465
3491.32
364.345
2030.36
5518.08
4537.04
-1486.16
3787.49
1960.28
518.306
3950.98
4023.66
-1411.77
5379.78
4128.14
523.822
2145.12
3207.46
-300.757
2458.84
4495.26
1368.87
3237.07
4680.74
1813.46
474.284
3520.4
925.753
2597.94
4567.28
4156.68
-1583.35
3990.58
2634.89
219.117
3674.44
4535.66
-1877.78
4516.98
4145.01
1447.8
1657.33
3462.48
13.1565
2134.38
4604.38
2587.3
2799.24
4706.11
2210.22
-18.0279
3429.21
1637.38
1568.61
4179.87
4519.96
-1867.48
4471.96
3680.61
201.328
2686.43
4038.05
-1566.56
4145.43
4602.77
2557.28
945.32
3503.35
438.448
1858.41
4774.66
3264.27
1483.12
4497.15
2521.69
-356.841
3259.53
2166
648.164
4163.97
5569.35
-1636.77
4135.42
3997.95
512.528
2019.45
3910.2
-1037.15
4072.21
5202.39
3662.66
23.7739
3613.56
1154.51
1217.19
4427.38
3610.19
262.41
4708.3
2982.31
-256.182
3032.93
2907.58
-349.041
3150.82
5487.41
1368.73
1705.94
3513.05
-54.8167
2192.17
4542.72
2281.07
3092.81
4896.19
2213.1
44.9848
3450.47
1512.98
1839.71
4359.89
4465.19
-1797.09
4379.39
3527.89
147.329
2900.03
4125.15
-1615.96
4242.38
4647.42
2430.81
1081.91
3484.49
300.651
2023.53
5016.21
3310.41
1687.15
4503.11
2460.61
-313.348
3418.7
2105.63
833.551
4175.76
5456.57
-1953.95
4328.05
3976.05
446.419
2187.47
4071.88
-1187.35
4099.75
5041.91
3399.63
302.968
3740.91
1078.59
1309.56
4477.75
3539.02
569.251
4824.62
2931.53
-298.679
3101.89
2785.14
-50.5309
3475.93
4972.46
-515.417
3881.14
4563.89
1008.91
1454.77
3591.99
-711.133
4468.72
6228.5
4479.42
-837.132
3619
1621.6
855.208
4470.47
3946.11
-691.971
5072.12
3759.47
23.3431
2591.7
3165.25
-278.752
2812.1
4921.66
816.921
3472.38
4564.95
1458.62
959.007
3917.07
895.997
2188.03
5570.37
2787.44
-443.608
3562.02
2040.3
1015.88
4181.47
5255.53
-2093.12
4502.29
3964.01
384.949
2359.31
4207.88
-1361.13
4164.7
4939.07
3178.66
541.832
3866.65
990.418
1413.93
4556.37
3475.07
879.708
4909.84
2883.17
-332.595
3157.06
2630.17
87.3749
3777.04
5204.39
-764.381
3984.16
4518.84
879.551
1620.22
3689.49
-812.209
4476.32
6292.88
4559.84
-745.509
3616.28
1499.19
993.038
4584.31
3928.26
-462.129
4977.99
3553.89
-106.211
2820.08
3193.5
-252.522
2924.16
4920.42
510.497
3625.85
4602.84
1382.5
1062.68
3808.4
308.808
3500.09
5183.68
4240
-1231.7
4121.03
2254.17
440.919
4042.52
4413.24
-1905.62
5551.12
4333.8
805.225
2125.84
3511.89
-276.188
2465.48
4631.4
1689.38
3404.84
5158.12
2139.81
268.627
3588.47
1135.22
2526.14
4780.95
4422.58
-1704.84
4226.41
2992.05
162.499
3749.09
4814.95
-1131.48
4918.17
4869.35
837.148
1747.37
3795.36
-889.328
4408.58
6049.56
4466.3
-562.387
3650.23
1391.6
1112.23
4645.78
3911.35
-236.759
4936.51
3384.71
-190.334
3079.81
3241.64
-225.245
3053.86
4932.71
212.316
3777.12
4661.34
1314.94
1170.9
3776.7
17.4402
3865.34
5490.76
4319.26
-1109.18
4042.94
2133.31
517.917
4168.22
4319.19
-1615.29
5759.96
4412.76
623.915
2245.12
3439.54
-317.206
2584.91
4747.87
1517.88
3439.3
5032.53
1998.04
435.417
3706.38
1022.87
2709.9
4846.59
4430.19
-1698.06
4244.48
2852.3
213.158
3868.81
4774.34
-1958.59
4749.93
4435.15
1616.88
1713.52
3662.38
32.7106
2264.34
4942.83
2881.88
2840.9
4944.49
2350.42
-37.5426
3656.14
1786.72
1586.51
4404.38
4847.78
-2018.01
4791.03
3941.27
235.246
2799.17
4283.34
-1653.26
4392.06
4892.53
2768.35
960.749
3732.12
454.558
2083.4
5893.06
5886.65
3219.77
4452.65
2144.07
557.599
4314.3
4241.43
-1291.16
5680.97
4373.76
424.762
2386.47
3388.24
-327.519
2714.83
4906.55
1340.85
3489.92
4924.61
1802.71
660.737
3865.31
907.09
2905.53
4942.85
4445.97
-1665.99
4288.87
2727.1
276.44
4019.81
4939.7
-2091.38
4976.63
4405.85
1405.26
1874.17
3754.72
-33.6119
2314.57
4857.67
2530.62
3223.52
5159.6
2356.89
27.1185
3670.79
1659.41
1862.19
4579.24
4772.37
-1937.69
4705.42
3828.16
174.5
3012.36
4360.52
-1704.83
4488.48
4950.03
2645.98
1100.19
3714.84
362.978
2104.12
5256.68
3509.2
1725.36
4795.4
2647.43
-359.533
3582.05
2261.29
822.248
4445.55
5849.17
-1969.97
4541.01
4239.7
497.171
2272.87
4285.96
-1209.97
4355.15
5421.15
3708.84
230.439
3935.88
1173.98
1364.2
4751.95
3797.02
493.81
5093.52
3135.87
-303.447
3267.9
2971.95
-199.381
4781.96
7462.73
-200.623
2607.48
4019.61
-86.0577
2385.39
4821.18
2241.03
3424.97
5337.5
2355.8
94.558
3690.8
1501.62
2167.44
4796.23
4735.78
-1874.58
4597.54
3609.57
127.967
3266.07
4479.39
-1768.51
4604.04
4966.21
2478.54
1262.76
3715.19
237.969
2251.29
5444.32
3541.13
1957.15
4819.84
2570.17
-274.123
3772.7
2204.74
1013.72
4446.62
5664.32
-2197.21
4735.52
4222.84
429.338
2456.91
4452.76
-1393.12
4410.08
5288.38
3456.93
498.224
4073.6
1085.97
1468.21
4818.56
3716.44
838.006
5245.48
3094.96
-343.319
3339.55
2850.7
37.3818
3909.63
5449.36
-724.809
4213.42
4860.32
990.144
1662.87
3887.24
-830.513
4762.74
6680.12
4832.73
-831.191
3845.47
1634.1
1015.86
4862.04
4191.43
-573.489
5326.87
3850.32
-75.9945
2913.9
3382.68
-279.983
3074.93
5242.27
654.029
3801.67
4880.99
1502.78
1074.39
3971.29
-222.748
4955.68
8770.45
1739.24
-237.693
3879.5
2105.81
1219.49
4473.54
5452.1
-2249.35
4913.35
4217.26
371.606
2613.76
4476.52
-1552.18
4491.27
5211.82
3248.83
718.261
4149.27
966.6
1600.46
4930.85
3671.42
1127.49
5201.75
3014.02
-370.46
3409.82
2694.78
219.217
4240.67
5723.39
-1006.06
4306.81
4714.9
827.894
1856.08
4014.97
-917.065
4713.4
6528.74
4788.04
-664.857
3866.58
1513.22
1146.5
4926.58
4166.38
-332.624
5259.53
3652.22
-174.672
3182.73
3427.16
-250.151
3199.32
5233.04
323.489
3973.51
4937.86
1421.02
1208.1
4025.76
126.035
3976.77
5721.92
4558.87
-1218.63
4337.86
2311.34
522.982
4384.7
4622.42
-1823.49
6080.96
4675.83
729.155
2343.15
3676.89
-332.454
2711.33
5002.81
1674.04
3644.62
5398.27
2194.05
388.127
3891.71
1124.26
2817.17
5127.79
4701.51
-1805.04
4505.21
3080.41
213.987
4147.88
5347.5
-3601.07
8158.13
5501.25
807.283
1892.44
4053.78
-1010.13
4643.15
6233.71
4584.56
-414.389
3931.17
1417.01
1248.85
4955.83
4139.81
-85.2034
5250.4
3500.16
-240.398
3383.61
3454.6
-219.647
3361.48
5280.65
34.1444
4102.87
4997.05
1347.98
1321.85
3987.34
-207.831
4386.57
6090.3
4667.75
-1106.56
4229.36
2174.08
617.584
4538.03
4532.71
-1484.3
6067.43
4659.87
523.48
2484.66
3613.65
-349.978
2840.04
5151.11
1488.76
3686.43
5263.84
1980.96
621.055
4045.45
1004.52
3014.67
5209.9
4712.52
-1780.99
4539.54
2937.71
272.206
4224.18
5208.3
-2181.55
5203.03
4682.79
1564.62
1937.79
3953.58
-12.8739
2440.94
5185.28
2803.09
3316.66
5409.59
2500.85
6.40942
3890.54
1806.19
1875.33
4796.42
5087.65
-2085.15
5044.19
4144.17
204.716
3120.26
4598.14
-1793.34
4730.68
5231.18
2852.25
1119.06
3939.64
367.528
2324.88
5949.96
4854.63
-740.015
5838.29
2675.37
337.061
4658.26
4428.5
-1144.99
5941.45
4552.06
302.82
2650.33
3576.19
-339.312
2981.07
5347.67
1286.28
3759.62
5179.4
1800.16
849.8
4224.84
867.625
3240.65
5343.34
4733.27
-1725.8
4599.2
2816.51
336.525
4317.47
5180.67
-2276.4
5471.19
4685.1
1354.1
2094.87
4034.71
-91.4171
2508.85
5125.54
2476.21
3571.39
5599.65
2497.85
78.527
3908.79
1650.04
2188.67
5008.53
5031.68
-2006.8
4916.24
3912.08
148.994
3371.65
4704.95
-1852.55
4841.75
5259.53
2688.28
1283.95
3938.15
287.904
2352.56
5770.09
3762.31
1986.41
5098.26
2748.49
-319.728
3933.95
2356.63
1009.17
4720.76
6092.09
-2287.2
4962.51
4485.56
478.538
2540.54
4659.52
-1409.95
4655.57
5649.88
3750.21
442.216
4283
1185.2
1520.28
5085.13
3969.04
765.858
5508.49
3293.9
-348.488
3507.56
3041.83
-78.0495
4461.72
6098.61
1004.99
6603.17
5794.25
-51.462
2524.3
5084.17
2188.02
3738.46
5781.59
2496.2
151.48
3940.84
1471.56
2537.08
5269.49
5021.28
-1961.55
4819.5
3661.94
127.114
3670.98
4861.95
-1933.06
4978.38
5256.21
2485.14
1465.45
3961.72
200.796
2427.37
5750.61
3727.92
2273.84
5163.41
2684.44
-226.596
4080.68
2281.42
1214.95
4732.48
5856.37
-2387.95
5147.46
4469.51
413.01
2718.32
4744.45
-1592.12
4730.75
5545.24
3510.38
695.403
4403.59
1073.68
1645.95
5183.23
3904.7
1095.62
5525.83
3219.71
-381.949
3587.88
2905.68
160.334
4391.5
5967.78
-960.314
4527.69
5043.03
931.373
1899.23
4205.65
-948.395
5030.17
7032.03
5117.21
-774.42
4087.61
1644.65
1169.62
5195.63
4420.69
-436.346
5592.25
3932.45
-153.066
3280.73
3614.92
-276.777
3345.62
5542.23
458.445
4149.66
5208.99
1534.18
1232.7
4236.29
51.6348
4416.28
6973.39
6817.33
3050.86
5064.44
2411.05
1383.21
4770.63
5635.81
-2365.85
5341.57
4476.63
352.984
2886.61
4754.96
-1759.47
4838.4
5504.22
3323.63
879.105
4336.16
902.569
1817.05
5334.1
3875.42
1382.18
5485.55
3139.53
-409.557
3681.45
2766.39
389.071
4711.5
6278.83
-1297.81
4654.3
4915.72
782.315
2099.63
4357.11
-1036.13
4947.58
6718.77
4983.18
-554.144
4133.78
1530.76
1290.45
5240.89
4393.45
-178.753
5557.79
3752.54
-235.736
3545.91
3658.65
-245.339
3500.94
5570.18
135.52
4300.65
5267.46
1451.37
1361.12
4233.32
-105.396
4499.47
6312.92
4897.82
-1205.58
4514.79
2351.19
617.553
4748.53
4828.34
-1696.24
6465.59
4950.41
630.066
2580.81
3846.79
-366.849
2960.13
5395.93
1642.8
3885.24
5613.27
2167.57
576.791
4226.01
1105.67
3120.3
5482.3
4982.25
-1895.27
4792.43
3158.95
264.717
4410.9
5470
-2650.67
6983.78
8568.55
-769.423
2766.15
4634.82
-1110.97
4869.99
6395.21
4611.47
-204.953
4237.56
1437.33
1393.36
5272.26
4355.84
103.631
5590.78
3624.62
-282.88
3647.1
3649.01
-208.22
3698.38
5649.79
-154.918
4431.17
5344.47
1374.03
1484.88
4211.99
-459.766
4957.05
6754.89
5048.32
-1111.3
4421.06
2203.22
736.629
4933.58
4752.32
-1340.45
6361.6
4895.89
401.036
2743.89
3793.36
-366.243
3105.4
5583.96
1435.6
3948.14
5501.78
1956.11
829.218
4408.71
967.8
3347.59
5605.13
5005.42
-1856.74
4842.25
3019.06
334.401
4542.25
5511.78
-2381.13
5690.14
4949.14
1503.87
2166.42
4253.41
-69.1625
2628.27
5436.8
2729.49
3701.86
5858.18
2640.56
60.2693
4130.66
1804.98
2203.39
5220.46
5336.83
-2146.15
5241.05
4215.58
175.396
3475.18
4934.07
-1937.75
5081.31
5557.79
2905.57
1299.95
4167.7
354.012
2426.43
5948.09
3659.12
3460.41
10323.9
2110.32
458.356
5143.76
4625.96
-983.389
6166.89
4666.68
163.154
2940.62
3771.94
-349.858
3256.68
5755.74
1175.3
4053.86
5450.5
1805
1038.45
4601.22
805.048
3604.75
5762.6
4998.91
-1732.06
4927.27
2902.92
400.591
4627.92
5417.84
-2453.13
6015.38
4988.96
1293.3
2322.48
4302.33
-161.053
2721.08
5411.7
2415.62
3908.72
6059.65
2639.4
135.043
4152.8
1618.18
2556.62
5475.85
5305.86
-2084.61
5122.77
3954.24
135.926
3773.43
5079.88
-2016.45
5221.58
5583.69
2717.23
1481.27
4174.85
236.772
2548.18
6090.31
3955.77
2297.52
5427.85
2854.21
-270.197
4305.4
2448.24
1207.91
4992.92
6263.19
-2494.21
5374.65
4726.29
456.766
2819.9
5018.4
-1629.27
4974.08
5891.42
3788.81
652.148
4613.63
1175.36
1693.71
5439.21
4144.6
1050.04
5857.73
3431.07
-392.271
3768.16
3128.24
115.08
4484.41
6389.85
-2335.17
8325.56
6880.85
-252.808
2621.73
5334.78
2125.9
4036.19
6219.83
2622.57
224.541
4210.63
1450.66
2842.97
5622.81
5272.11
-2042.08
5052.84
3707.37
149.06
4122.75
5284.2
-2107.43
5344.65
5446
2409.53
1700.1
4224.28
160.031
2605.14
6031.5
3868.22
2639.71
5538.86
2804.42
-175.331
4337.14
2334.29
1439.83
5033.24
6029.79
-2513.36
5575.84
4724.39
393.792
2989.21
5015.08
-1800.43
5070.73
5821.64
3571.25
869.942
4610.96
1015.98
1857.75
5576.87
4099.85
1366.27
5817.29
3342.26
-421.265
3853.28
2966.14
327.073
4861.19
6512.42
-1244.51
4866.27
5230.05
867.605
2155.4
4548.94
-1060.05
5249.09
7196.54
5309.96
-663.08
4344.87
1650.45
1328.8
5531.2
4652.51
-281.591
5875.88
4018.95
-223.227
3669.49
3851.98
-271.686
3639.64
5864.09
251.885
4493.13
5540.03
1558.25
1396.95
4484.81
-10.875
4700.35
6763.41
5919.84
-2624.79
7758.24
3334.08
1400.08
5084.67
5825.97
-2461.67
5749.06
4729.12
326.858
3182.82
5047.77
-1914.12
5158.11
5794.75
3389.52
1043.84
4511.58
792.359
2083.7
5778.93
4096.24
1629.74
5735.97
3259.2
-450.081
3971.56
2837.37
575.322
5113.86
6807.52
-1634.41
5027.24
5121.91
744.509
2351.08
4720.25
-1170.09
5176.85
6858.37
4994.75
-337.533
4432.44
1547.99
1435.78
5552.3
4611.22
6.6069
5883.08
3863.69
-282.385
3817.36
3854.18
-234.842
3830.89
5927.41
-64.6138
4632.51
5609.91
1475.64
1524.24
4448.06
-360.377
5065.38
6961.8
5266.42
-1200.33
4693.28
2373.58
734.349
5139.31
5037.41
-1534.54
6746.68
5183.86
505.296
2836.93
4016.6
-393.658
3228.74
5820.72
1590.25
4140.15
5837.49
2130.24
790.943
4585.94
1070.91
3448.99
5863.92
5267.86
-1971.19
5088.7
3229.89
329.227
4770.01
5858.1
-2572.76
6363.32
6142.13
2641.13
7467.55
7121.77
-1184.97
5124.32
6556.22
4619.55
40.2921
4568.68
1451.28
1546.27
5599.09
4560.02
332.275
5950.4
3754.07
-326.388
3881.03
3736.73
-172.992
4078.88
6057.42
-357.893
4766.06
5704.84
1392.11
1662.8
4458.88
-673.994
5433.65
7447.67
5449.14
-1118.07
4617.32
2216.8
881.289
5359.21
4979.56
-1180.2
6570.52
4997.52
254.199
3029.4
3981.32
-376.048
3382.71
6015.35
1338.27
4233.81
5759.55
1951.53
1025.91
4783.01
908.151
3707.24
6015.96
5271.56
-1872.99
5162.83
3098.87
399.895
4849.26
5744.99
-2566.76
6222.2
5238.59
1436.39
2394.76
4516.47
-138.18
2836.18
5708.71
2652.41
4052.94
6314.09
2780.04
117.97
4368.24
1771.43
2566.65
5677.72
5597.35
-2213.85
5439.89
4264.63
150.946
3869.12
5297.96
-2096.12
5451.8
5872.36
2929.63
1498.82
4393.51
276.684
2666.21
6411.72
4038.94
2933.16
7800.7
7735.32
3798.14
6610.14
5281.11
-957.582
6392.02
4720.31
32.3896
3270.4
3979.35
-356.866
3549.85
6192.43
1027.5
4369.75
5739.53
1822.75
1202.83
4833.09
679.669
4020.37
6225.73
5280.76
-1731.83
5270.22
2984.25
470.534
4954.25
5649.17
-2573.73
6595.59
5314.45
1220.56
2552.91
4537.92
-243.344
2951.74
5723.57
2357.63
4207.47
6502.55
2775.79
201.162
4412.36
1581.98
2911.1
5896.12
5569.45
-2165.12
5345.37
3990
145.176
4214.47
5486
-2186.28
5587.99
5791.82
2650.34
1714.75
4430.15
193.059
2728.16
6384.82
4120.38
2653.16
5789.24
2967.51
-215.337
4557.13
2497.61
1434.11
5284.56
6428.97
-2651.67
5801.23
4973.77
436.397
3089.18
5280.81
-1836.72
5305.11
6149.08
3830.68
852.63
4895.48
1134.25
1895.48
5821.76
4331.3
1330.99
6137.99
3548.41
-432.619
4025.88
3173.28
262.657
4997.05
6847.46
-2081.22
8011.94
10879.2
-1442.03
3356.45
5971.56
2178.21
4260.97
6462.48
2673.18
345.621
4501.62
1416.52
3171.06
5997.81
5537.7
-2131.15
5303.7
3754.97
195.388
4577.74
5731.82
-2306.8
5743.39
5645.76
2325.85
1948.53
4501.24
113.655
2787.16
6305.44
3965.19
3059.59
5950.05
2932.55
-121.558
4587.45
2374.52
1691.83
5363.95
6213.74
-2618.84
6022.44
4985.75
367.961
3281.68
5299.27
-1987.43
5406.48
6107.84
3629.67
1042.75
4789.19
925.307
2101.91
6005.31
4309.1
1627.54
6066.59
3456.81
-462.976
4137.73
3028
519.14
5329.42
7080.75
-1579.33
5232.59
5425.83
823.934
2405.96
4903.44
-1191.7
5473.31
7337.81
5393.07
-481.729
4629.61
1663.12
1475.41
5837.3
4872.14
-99.8358
6182.94
4112.82
-279.75
3986.97
4061.57
-261.828
3962.96
6211.7
39.6547
4829.04
5876.8
1580.86
1560.23
4689.06
-260.808
5206.29
7218.77
5717.24
-1394.35
10323.4
2795.41
1907.11
5662.57
6168.18
-2549.98
5993.33
4920.79
291.973
3504.53
5350.17
-2071.96
5495.18
6110.74
3453.71
1212.58
4687.24
658.099
2387.45
6262.07
4330.19
1888.31
5996.05
3365.8
-468.287
4287.99
2908.68
778.098
5504.79
7353.37
-2026.87
5429.92
5332.94
707.778
2622.17
5116.75
-1331.12
5425.79
7008.88
4991.84
-91.611
4757.55
1559.78
1589.24
5872.99
4816.49
231.625
6232.27
3982.09
-327.918
4077.8
4016.62
-211.364
4198.74
6317.75
-273.921
4966.46
5965.43
1493.39
1700.24
4679.64
-622.631
5632.39
7670.05
5666.12
-1201.51
4883.85
2390.51
869.212
5556.32
5253.97
-1361.95
6983.8
5338.94
357.094
3117.59
4196.28
-402.929
3507.71
6278.4
1509.52
4414.65
6077.28
2106.37
1004.06
4960.83
1013.73
3807.26
6273.95
5551.44
-2021.02
5400.86
3301.79
396.992
5072.59
6083.5
-2705.14
6522.95
5590.48
1453.37
2980.48
11684.6
-1849.3
5720.67
6786.54
4645.49
289.3
4903.39
1454.74
1706.98
5922.43
4727.01
616.018
6344.7
3893.41
-372.881
4104.61
3763.69
-113.386
4501.85
6502.42
-577.457
5094.81
6020
1371.59
1873.29
4728.78
-885.754
5890.74
8196.03
5883.14
-1133.36
4810.17
2200.91
1067.35
5824.12
5222.19
-1019.45
6782.99
5070.43
105.209
3350.68
4180.83
-383.594
3673.46
6442.78
1193.21
4542.88
6034.31
1952.48
1213.84
5098.48
805.587
4109.46
6463.53
5542.4
-1868.07
5503.41
3175.98
470.048
5169.6
5971.39
-2723
6803.19
5554.75
1357.01
2636.85
4789.95
-218.803
3060.85
6004.17
2576.23
4376.83
6770.62
2917.12
183.306
4617.64
1718.97
2973.89
6174.67
5876.36
-2293.84
5645.97
4283.98
148.952
4304.94
5693.76
-2267.75
5835.77
6152.91
2908.01
1721.23
4638.42
228.707
2850.92
6736.24
4359.51
2707.65
6170.99
3354.14
-1212.74
11627.4
8239.94
-1682.15
6693.18
4751.3
-83.8969
3624.99
4194.22
-352.781
3825.72
6502.7
810.722
4717.76
6049.65
1844.5
1366.07
5048.69
510.453
4483.71
6731.71
5566.4
-1678.35
5466.22
3019.04
555.866
5295.09
5866.08
-2631.95
7228.46
5670.51
1139.07
2767.13
4669.67
-335.999
3206.03
6067.04
2302.6
4480.12
6858.87
2857.06
306.302
4694.77
1545.59
3239.85
6261.93
5822.69
-2246.61
5580.79
4020.13
183.884
4689.05
5933.47
-2377.79
5974.73
5975.56
2552.8
1967.59
4701.33
145.887
2908.8
6650.11
4227.69
3064.55
6186.35
3086.56
-157.398
4817.84
2539.08
1683.84
5600.74
6593.67
-2764.76
6245.98
5229.09
410.718
3378.14
5555.53
-2060.74
5659.37
6431.47
3881.44
1032.08
5066.46
1048.43
2130.47
6236.97
4528.21
1615.66
6409.89
3661.18
-474.135
4304.36
3226.86
452.715
5509.03
7329.85
-1575.57
5711.18
6579.67
2978.45
8324.04
8517.33
2680.41
4368.23
6639.37
2697.9
491.552
4816.54
1384.46
3488.13
6345.2
5808.46
-2226.32
5571.24
3802.29
254.76
5030.23
6198.68
-2526.17
6170.72
5850.1
2223.23
2188.52
4776.06
59.407
2970.56
6543.77
3944.46
3546.4
6403.66
3071.84
-66.607
4807.03
2393.15
1977.51
5727.92
6403.7
-2684.54
6329.76
5197.37
333.496
3600.1
5597.68
-2148.1
5736.6
6406.96
3684.31
1216.46
4952.32
779.992
2407.18
6480.08
4535.66
1892.36
6314.4
3563.25
-492.504
4446.46
3092.32
726.167
5718.11
7619.04
-1962.92
5626.16
5625.68
779.206
2678.52
5292
-1344.66
5707.07
7464.15
5376.82
-233.925
4943.42
1671.41
1630.02
6151.41
5078.47
121.557
6521.71
4219.85
-326.701
4256.27
4249.86
-245.647
4318.57
6584.19
-181.039
5166.7
6227.13
1596.82
1735.71
4908.55
-539.902
5777.98
7853.34
5826.46
-1087.86
7242.51
7940.62
3961.78
6945.88
6719.49
-2663.79
6221.77
5102.63
250.636
3855
5669.01
-2216.97
5840.56
6448.44
3512.93
1389.37
4872.12
523.219
2699.28
6782.05
4575
2164.86
6275.87
3482.33
-482.663
4620.82
2979.47
988.708
5821.1
7691.61
-2424.07
5855.68
5551.75
675.42
2907.24
5543.7
-1523.16
5694.22
7165.15
4968.04
182.243
5094.55
1562.31
1751.77
6200.6
5001.27
503.044
6610.44
4109.73
-373.966
4297.08
4035.37
-158.605
4612.6
6749.21
-499.116
5301.48
6302.65
1485.16
1902.43
4939.65
-840.611
6094.17
8410.22
6090.11
-1208.1
5069.87
2375.16
1046.85
6011.64
5484.32
-1182.78
7185.8
5423.42
191.831
3427
4386.04
-411.071
3796.12
6696.07
1366.57
4717.1
6337.85
2093.62
1213.74
5352.63
931.613
4196.57
6704.9
5810.65
-2010.24
5733.59
3372.57
468.054
5386.28
6299.28
-2851.02
6969.71
5738.83
1187.77
3975.35
8784.61
-3206.2
6536.34
7132.42
4685.77
533.381
5263.54
1449.35
1877.58
6256.85
4878.63
942.974
6774.49
4039.42
-423.572
4335.57
3777.92
-20.8342
4973.13
6993.45
-830.208
5449.55
6356.41
1344.06
2099.79
5020.68
-1043.83
6208.47
8668.75
6246.39
-1111.87
5015.51
2174.87
1277.58
6325.05
5480.36
-857.407
6990.75
5097.49
-31.4965
3704.59
4390.19
-384.649
3970.13
6842.32
995.935
4880.08
6331.34
1967.76
1383.76
5316
644.238
4564.8
6957.04
5823.91
-1829.46
5768.63
3224.52
551.804
5509.16
6193.26
-2815.81
7426.02
5895.96
1270.14
2859.15
4946.21
-312.899
3308.82
6330.76
2500.87
4679.02
7218.13
3037.87
266.619
4890.07
1679.73
3302.99
6530.25
6116.13
-2367.24
5867.19
4299.27
173.594
4791.26
6133.98
-2450.06
6209.54
6319.12
2794.92
1978.32
4902.49
180.341
3030.67
7003.69
4498.81
3026.82
6299.73
2981.06
-80.5033
7991.45
9042.32
-1979.68
6999.19
4784.1
-172.103
4026.96
4426.43
-344.044
4109.91
6790.27
560.725
5086.96
6378.6
1866.66
1528.55
5239.76
287.863
5003.19
7293.32
5877.74
-1631.23
5674.47
3050.01
648.958
5642.74
6042.77
-2501.4
7788.38
6018.03
1030.6
2995.32
4799.39
-432.084
3485.57
6446.14
2253.51
4711.85
7050.58
2885.65
448.036
4999.93
1501.05
3578.95
6632.36
6089.21
-2337.25
5836.93
4054.98
240.025
5179.13
6411.31
-2594.71
6393.86
6167.82
2442.04
2221.94
4978.04
89.9847
3096.46
6911.99
4286.08
3530.78
6624.59
3219.16
-98.7775
5042.95
2559.16
1965.6
5950.3
6769.81
-2853.88
6663.45
5476.42
377.168
3692.31
5847.35
-2221.95
5981.16
6712.94
3924.74
1213.84
5226.07
911.661
2421.32
6698.95
4745.45
1888.58
6644.77
3768.62
-516.885
4603.66
3282.08
665.207
5928.47
7872.42
-1852.89
5720.58
5912.11
376.06
2777.64
12530.7
3344.5
4508.55
6807.47
2637.68
715.259
5167.73
1345.61
3817.12
6702.45
6082.79
-2310.58
5856.59
3851.61
325.252
5398.61
6647.21
-2763.11
6638.61
6068.23
2119.17
2442.52
5070.84
4.11074
3147.11
6749.75
3789.3
4103.19
6891.88
3218.73
-11.2515
5026.73
2384.98
2301.12
6129.5
6603.23
-2724.65
6550.98
5377.91
291.34
3945.51
5907.58
-2304.25
6081.78
6733.55
3736.91
1396.16
5124.35
623.541
2741.24
6998.15
4776.82
2170.79
6578.54
3669.03
-508.095
4776.34
3155.19
946.053
6100.63
8124.39
-2388.73
6050.37
5835.03
740.638
2964.8
5713.11
-1528.52
5962.71
7599.28
5341.62
50.8049
5284.84
1673.67
1793.19
6477.87
5272.24
385.176
6882.96
4334.67
-374.298
4490.66
4315.28
-202.489
4722.42
7000.76
-414.069
5510.74
6591.73
1604.55
1926.92
5153.38
-783.05
6280.81
8601.26
6270.28
-1243.27
5480.65
3157.43
-802.454
10261.5
8143.77
-3122.88
6417.78
5126.29
215.076
4245.35
6015.41
-2367.24
6200.03
6771.42
3538.25
1590.25
5077.24
421.529
2970.44
7322.83
4826.13
2459.6
6561.01
3565.61
-441.51
4989.89
3055.59
1213.6
6092.8
7928.94
-2840.54
6308.6
5781.47
642.814
3197.63
5925.83
-1741.74
5980.81
7337.16
4939.64
455.935
5449.39
1556.33
1921.57
6526.33
5148.36
831.089
7027.32
4248.11
-424.827
4521.82
4037.1
-80.22
5075.39
7224.89
-749.366
5647.17
6627.66
1454.28
2128.6
5219.75
-1047.22
6506.47
9055.57
6502.55
-1204.14
5263.76
2343.77
1256.02
6509.63
5733.21
-1006.69
7379.38
5443.74
39.4144
3779.94
4590
-415.427
4103.34
7145.7
1184.78
5043.58
6620.34
2097.78
1393.09
5576.4
779.312
4642.44
7185.13
6089.19
-1993.57
6081.98
3439.04
545.156
5719.22
6515.61
-2969.27
7602.09
6106.97
1347.69
3244.57
6344.43
2999.53
8208.62
8406.89
4986.54
582.418
5555.66
1410.63
2073.17
6618.11
5037.87
1277.43
7121.34
4161.44
-471.606
4584.61
3797.87
121.424
5492.96
7533.3
-1106.54
5775.01
6535.55
1261.67
2360.56
5342.09
-1189.06
6493.38
9113.79
6594.37
-1065.95
5240.79
2158.17
1450.91
6647.92
5685.67
-669.248
7214.84
5126.28
-147.065
4096.84
4613.73
-374.949
4249.34
7114.25
736.104
5248.95
6651.13
1985.3
1550.82
5505.85
431.882
5073.01
7501.81
6121.69
-1768.94
5963.56
3248.02
644.983
5854.81
6376.63
-2760.03
8044.47
6255.59
1164.83
3084.94
5067.63
-413.881
3582.91
6694.55
2440.47
4918.9
7442.03
3071.45
404.497
5186.69
1627.31
3655.05
6910.58
6374.17
-2451.28
6110.01
4320.53
225.896
5277.35
6601.33
-2660.26
6619.85
6499.44
2676.72
2248.6
5182.76
125.808
3216.01
7262.84
4569.53
3508.83
6802.1
3260.43
67.4535
7368.75
8421.47
2566.57
7667.55
5396.49
-378.12
4412.89
4647.34
-332.839
4421.85
7106.63
304.191
5447.91
6711.4
1881.65
1700.58
5439.4
9.29867
5582.32
7917.86
6214.73
-1586.45
5828.46
3061.73
754.792
6015.36
6218.97
-2330.56
8313.06
6344.13
900.427
3245.99
4945.29
-469.885
3741.32
6837.25
2184.46
4951.3
7234.17
2855.74
644.129
5337.95
1460.27
3906.41
6978.8
6362.69
-2432.79
6111.91
4092.56
310.179
5577.2
6866.63
-2827.42
6848.8
6372.46
2322.31
2477.43
5264.19
32.704
3274.54
7110.54
4141.85
4087.06
7106.78
3361.13
-39.6495
5259.42
2555.67
2283.77
6338.13
6951.77
-2890.6
6887.66
5653.22
334.417
4033.79
6150.32
-2386.09
6322.7
7024.72
3968.62
1398.35
5387.87
750.491
2751.96
7203.05
4978.18
2171.35
6892.63
3862.6
-533.897
4931.98
3339.13
893.847
6331.82
8444.2
-2311.66
6183.7
6047.61
362.138
3812.05
7811.42
-1659.51
6507.68
7632.03
2729.06
893.351
5530.87
1285.94
4175.24
7092.62
6363.87
-2378.08
6154.66
3899.15
400.682
5772.18
7075.97
-3007.05
7150.77
6308.16
2011.91
2698.57
5377.25
-62.4604
3335.07
6963.14
3624.66
4618.98
7388.74
3358.57
53.1909
5261.49
2364.35
2671.95
6566.35
6820.68
-2765.49
6739.88
5468.91
247.389
4325.62
6240.3
-2450.8
6438.84
7081.73
3781.67
1587.21
5314.88
503.484
3031.13
7533.91
5022.89
2469.92
6860.48
3768.86
-500.163
5133.14
3223.29
1175.42
6368.62
8348.06
-2813.32
6498.97
6054.22
703.639
3261.75
6125.16
-1742.11
6237.31
7746.75
5292.24
344.044
5630.1
1665.31
1964.2
6800.29
5424.31
708.262
7283.89
4462.46
-424.887
4713.36
4314.02
-132.231
5172.48
7459.27
-662.919
5846.98
6904.47
1569.39
2153.88
5424.69
-1020.76
6761.15
9402.96
6744.38
-1302.3
5397.79
2321.91
1442.09
7988.46
10495.1
-4689.29
6926.1
5218.57
195.539
4674.78
6393.14
-2534.09
6582.68
7080.59
3530.79
1813.68
5297.27
324.64
3229.28
7771.47
5050.54
2792.43
6871.71
3646.39
-376.483
5387.22
3131.99
1445.28
6347.03
8055.23
-3124.53
6754.34
6009.93
605.626
3512.86
6342.46
-1997.81
6295.37
7531.91
4916.67
723.351
5805.76
1533.48
2106.8
6872.6
5291.79
1196.01
7473.7
4390.33
-479.256
4763.51
4045.33
48.111
5584.48
7750.3
-1031.24
5999.57
6906.7
1396.84
2379.46
5529.76
-1194.12
6786.82
9506.16
6868.37
-1170.36
5474.6
2312.61
1457.38
6926.07
5960.3
-815.853
7584.48
5458.45
-102.085
4158.31
4802.6
-407.272
4388.94
7447.93
927.473
5405.78
6927.71
2107.96
1569.51
5782.34
579.652
5139.73
7712.69
6372.58
-1918.16
6262.29
3454.05
639.079
6068.02
6717
-3015.46
8284.45
6491.13
1311.89
3154.38
5362.65
-533.169
2715.23
11810
6148.56
330.346
5757.22
1332.04
2300.86
7012.69
5212.31
1602.38
7386.18
4260.74
-515.46
4847.35
3811.35
307.492
6034.57
8112.34
-1426.5
6112.82
6678.33
1163.16
2645.67
5693.15
-1312
6693.34
9254.98
6780.22
-929.037
5486.88
2133.62
1638.38
6995.02
5905.59
-471.075
7463.56
5160.29
-241.026
4525.36
4849.3
-362.947
4550.7
7410.1
456.04
5632.88
6988.64
1999.93
1723.99
5699.7
163.639
5644.28
8109.9
6448.12
-1714.57
6146.39
3262.01
748.436
6218.81
6542.06
-2585.82
8628.64
6610.7
1033.52
3328.97
5197.31
-483.257
3856
7082.06
2368.26
5157.49
7628.85
3084.78
565.913
5509.59
1579.25
3991.64
7258.3
6638.83
-2542.79
6372.79
4344.31
292.464
5756.32
7088.13
-2892.14
7061.7
6687.19
2540.67
2506.94
5460.3
63.1587
3402.57
7482.89
4508.9
4055.44
7318.64
3499.69
-35.9268
5763.48
3569.13
46.3978
10167.7
6292.43
-536.052
4726.22
4842.16
-317.055
4766.89
7454.23
46.624
5797.39
7049.79
1891.08
1878.71
5626.92
-308.637
6205.99
8604.7
6582.13
-1551.29
5973.3
3057.41
880.871
6415.89
6395.09
-2097.05
8575.9
6563.76
740.725
3518.37
5091.37
-505.574
4025.18
7267.98
2098.97
5200.68
7415.45
2775.47
892.442
5708.74
1405.37
4258.07
7350.67
6633.94
-2501.1
6405.39
4131.4
387.691
5965.15
7339.74
-3084.38
7350.4
6594.06
2202.65
2743.22
5568.83
-31.6834
3457.16
7309.19
3947.7
4675.75
7619.85
3506.62
22.5678
5484.06
2532.4
2646
6763.59
7152.15
-2927.7
7105.39
5823.88
285.535
4405.72
6471.86
-2534.76
6673.14
7361.66
4008.93
1590.43
5561.78
591.856
3088.4
7746.75
5223.37
2472.14
7164.37
3969.24
-546.635
5277.83
3397.18
1128.53
6648.04
8773.53
-2765.06
6679.53
6318.37
703.703
3497.75
6901.82
3838.19
8244.5
8340.58
2714.88
1122.66
5916.68
1203.01
4564.94
7515.48
6642.39
-2414.41
6469.74
3948.51
477.649
6076.51
7275.94
-3207.63
7705.53
6576.72
1901
2954.94
5663.99
-142.018
3541.96
7202.29
3476.78
5016.86
7861.4
3491.4
123.86
5491.98
2304.94
3078.76
7040.29
7052.26
-2808.74
6903.77
5479.77
207.598
4745.63
6602.61
-2609.74
6808.81
7377.91
3767.78
1813.75
5524.58
389.386
3319.35
8103.92
5279.51
2788.51
7151.58
3838.24
-434.944
5526.51
3294.87
1415.47
6629.02
8525.44
-3201.55
6963.94
6281.92
664.739
3573.38
6530.55
-1988.77
6537.66
7917.49
5248.52
633.237
6006.37
1648.62
2145.12
7135.5
5560.61
1076.39
7724.57
4599.03
-479.815
4944.7
4301.44
-25.3652
5674.73
7968.83
-946.55
6212.08
7241.68
1527.74
2397.42
5721.08
-1193.83
7078.38
9879.67
7116.95
-1267.42
5681.45
2389.84
1630.63
7985.31
7772.49
-653.906
6985.34
5224.95
176.696
5139.03
6800.1
-2714.75
6979.34
7348.12
3471.23
2062.66
5540.86
267.251
3412.91
8050.24
5215.21
3182.3
7220.84
3737.48
-303.35
5712.37
3179.28
1700.02
6624.74
8170.98
-3330.58
7201.67
6240.7
572.163
3810.4
6627.41
-2236.93
6623.59
7747.74
4898.6
984.268
6155.35
1486.86
2315.53
7251.6
5454.68
1533.38
7722.83
4481.77
-524.097
5019.61
4046.07
220.228
6150.54
8327.32
-1340.7
6325.19
7031.81
1289.36
2664.15
5870.26
-1334.85
7030.08
9812.35
7133.76
-1067.91
5709.35
2284.05
1644.47
7260.74
6168.09
-608.393
7811.04
5471.04
-207.664
4591.25
5036.14
-394.268
4683.3
7726.18
636.801
5790.55
7256.78
2119.72
1743.82
5961.73
322.376
5697.48
8301.39
6685.47
-1852.22
6458.17
3466.74
740.982
6423.87
6874.31
-2847.14
8868.86
6845.61
1177.58
3389.25
5395.22
-815.864
4673.82
9176.61
2598.5
1944.06
6188
1264.25
2551.18
7440.96
5399.73
1926.96
7642.04
4356.47
-560.277
5135.16
3840.86
539.467
6577.12
8734.91
-1806.37
6483.44
6834.56
1079.52
2934.81
6063.88
-1452.88
6894.7
9346.77
6923.62
-756.36
5757.35
2119.18
1807.74
7301.39
6111.86
-247.4
7739.77
5205.19
-321.371
4944.65
5080.97
-348.721
4885.7
7742.21
186.233
5983.97
7318.43
2006.17
1904.32
5882.97
-161.23
6267.74
8782.76
6801.63
-1665.47
6278.75
3257.31
866.797
6610.24
6708.32
-2359.45
8998.54
6868.52
876.969
3598
5338.1
-521.109
4130.29
7497.95
2281.01
5397.69
7788.31
2992.76
817.031
5872.95
1524.85
4339.93
7617.48
6908.12
-2622.13
6656.3
4372.73
370.872
6137.78
7552.46
-3142.8
7548.24
6892.28
2406.41
2779.34
5760.25
0.0989191
3581.18
7668.86
4303.37
4663.75
7831.35
3656.62
-14.9999
5632.08
2474.83
3063.78
9905.73
4649.11
-727.256
4989.97
4996.65
-283.217
5149.53
7831.57
-216.19
6147.45
7404.04
1893.7
2070.29
5836.75
-652.295
6885.55
9371.23
6991.79
-1530.35
6130.89
3042.77
1030.5
6848.3
6584.31
-1858.69
8825.52
6769.63
557.87
3814.18
5248.99
-517.597
4319.23
7736.22
1987.03
5470.08
7612.25
2692.74
1163.62
6108.83
1329.37
4643.05
7765.85
6921.19
-2561.25
6709.7
4170.37
467.252
6297.08
7626.01
-3304.7
7893.29
6844.8
2079.63
3009.84
5882.98
-108.641
3654.04
7526.21
3775.36
5123.5
8103.32
3637.82
96.2581
5717.63
2485.44
3053.33
7229.19
7370.17
-2960.19
7250.8
5819
240.635
4818.23
6821.85
-2688.81
7038.99
7681.61
4012.46
1808.42
5759.75
473.048
3376.55
8311.83
5475.77
2791.06
7442.88
4038.94
-496.252
5663.55
3462.54
1376.88
6914.33
8988.39
-3222.01
7159.76
6554.76
739.173
3636.23
6815.47
-3248.43
8397.61
9057.16
3053.6
1060.66
6237.48
1074.22
4989.44
7960.1
6891.65
-2380.56
6808.74
3998.55
558.063
6397.74
7475.61
-3394.8
8321.74
6880.67
1784.04
3216.75
5933.63
-235.285
3772.05
7470.39
3331.98
5393.87
8357.13
3625.92
199.408
5732.09
2220.88
3533.31
7561.53
7307.91
-2867.29
7067.61
5441.82
187.086
5216.91
7004.88
-2789.72
7213.49
7695.97
3742.29
2053.84
5754.47
313.285
3529.49
8402.12
5453.82
3169.14
7481.09
3917.9
-359.337
5939.56
3363.56
1665.68
6888.03
8614.13
-3430.5
7410.78
6504.68
624.058
3895.19
6909.33
-2255.57
6862.74
8112.87
5211.27
910.638
6356.98
1606.34
2347
7499.45
5706.52
1448.81
8068.92
4709.04
-531.216
5196.49
4297.93
136.375
6228.99
8531.88
-1253.7
6542.58
7399.43
1425.08
2678.21
6050.53
-1350.81
7357.87
10323
7467.04
-1204.46
5930.5
2416.57
1719.11
7964.89
7519.32
-3627.84
8801.47
6175.32
-48.2208
5562.67
7168.29
-2892.64
7359.15
7483.26
3308.2
2349.53
5806.79
207.337
3597.86
8296.88
5318.09
3631.45
7613.33
3839.22
-228.24
5966.52
3197.88
1980.9
6924.47
8271.22
-3446.29
7667.46
6484.41
536.655
4117.38
6886.61
-2484.77
6977.76
7995.6
4899.52
1206
6332.22
1381.52
2567.54
7668.85
5630.15
1879.15
7991.07
4574.2
-569.055
5298.46
4061.13
446.835
6690.11
8934.15
-1708.47
6682.97
7169.68
1181.2
2969.96
6242.11
-1465.15
7211.35
9871.82
7277.79
-897.022
5965.72
2253.87
1834.56
7596.97
6381.51
-384.965
8067.39
5497.93
-300.317
5046.61
5276.22
-379.861
5007.15
8037.92
342.811
6164.23
7589.95
2124.32
1927.86
6151.88
5.09311
6319.03
8958.69
7027.16
-1790.64
6593.35
3459.25
856.522
6807.25
7033.01
-2636.47
9407.68
7172.57
1020.04
3665.76
5559.22
-707.932
4711.66
8993.29
7520.45
9483.85
8491.67
1502.84
2672.49
7862.42
5589.15
2241.77
7857.03
4447.99
-605.833
5446.64
3874.57
786.643
7015.38
9312.79
-2237.87
6886.43
7003.09
1010.73
3229.9
6460.52
-1612.23
7094.27
9382.62
6825.13
-447.599
6069.85
2107.46
1976.73
7605.73
6308.23
11.4202
8056.12
5271.97
-379.719
5232
5263.2
-327.774
5255.72
8102.54
-90.6929
6338.82
7665.65
2006.75
2095.55
6079.72
-507.702
6940.21
9526.36
7194.88
-1631.74
6418.37
3233.87
1012.91
7035.5
6884.02
-2098.62
9232.53
7073.54
692.201
3888.56
5482.25
-547.849
4428.41
7954.38
2171.03
5657.67
7966.85
2893.37
1096.08
6268.2
1452.2
4719.51
8014.6
7186.44
-2683.59
6954.07
4400.8
454.241
6523.5
7991.82
-3400.02
8082.99
7123.04
2271.37
3052.2
6072.44
-74.9715
3772.71
7865.48
4092.63
5218.61
8346.02
3791.46
57.4288
5879.71
2467.13
3452.07
9549.35
10503.2
-215.811
6489.92
5503.69
-246.808
5559.63
8239.16
-492.507
6505.29
7773.64
1887.2
2279.57
6078.91
-933.1
7423.74
10165.7
7427.88
-1517.24
6297.37
3010.92
1212.33
7318.25
6789.5
-1611.17
8965.99
6798.56
347.97
4140.17
5418.1
-520.927
4627.21
8197.32
1820.25
5772.83
7841.3
2644.35
1411.94
6518.98
1226.24
5058.41
8200.14
7173.16
-2542.6
7037.68
4211.66
549.47
6614.45
7824.58
-3508.39
8492.65
7130.46
1954.32
3270.7
6144.3
-200.276
3879.02
7775
3609.48
5518.55
8593.29
3769.85
172.682
5948.4
2399.78
3499.31
7735.47
7608.07
-3005.98
7404.52
5791.37
204.186
5278.08
7210.72
-2865.33
7432.13
7987.69
3981.74
2048.96
5973.87
361.378
3649.42
8769.66
5698.39
3149.79
7750.67
4107.53
-421.025
6078.56
3528.35
1630.74
7162.04
9081.62
-3524.87
7621.86
6776.64
691.641
3952.43
7149.41
-3365.2
9071.64
12582.1
404.857
2168.62
6708.76
937.406
5438.02
8447.38
7166.4
-2349.85
7160.82
4043.06
646.429
6738.8
7672.37
-3511.01
8982.36
7222.64
1655.77
3474.03
6154.31
-342.533
4026
7782.68
3204.61
5712.26
8829.34
3758.63
280.612
5987.74
2132.78
3956.73
8009.3
7554.12
-2937.41
7258.09
5404.13
197.19
5731.42
7441.21
-2975.31
7596.94
7859.89
3592.03
2335.48
6008.81
249.43
3716.25
8680.88
5603.08
3604.03
7857.45
4015.52
-283.139
6182.26
3372.05
1947.25
7173.87
8703.11
-3587.3
7873.34
6740.16
586.902
4197.26
7154.62
-2500.18
7204.7
8338.13
5188.72
1165.38
6634.77
1525.08
2582.63
7909.05
5887.3
1803.97
8325.62
4799.76
-580.418
5460.15
4284.21
347.989
6805.8
9139.85
-1604.76
6885.72
7522.57
1307.49
2981.35
6408.9
-1481.47
7543.8
10428
7639.64
-1046.05
6179.46
2397.87
1861.79
7975.59
6930.47
-947.98
15016.5
6066.75
-487.59
5995.66
7386.68
-3049.85
7771.52
7686.25
3140.54
2631.82
6085.09
139.395
3764.9
8563.54
5388.82
4161.78
8071
3971.76
-163.323
6206.62
3196.52
2308.13
7280.64
8405.61
-3528.86
8163.5
6769.59
480.856
4427.06
7128.36
-2690.98
7320.61
8281.94
4912.32
1409.09
6471.55
1241.08
2844.5
8126
5826.37
2212.42
8216.66
4676.2
-627.905
5599.03
4086.53
716.963
7252.67
9642.35
-2152.03
7085.28
7347.46
1098.29
3239.08
6595.13
-1616.51
7402.85
9907.26
7270.68
-626.363
6264.62
2242.02
2003.87
7887.33
6573.04
-132.649
8366.94
5558.52
-387.151
5391.97
5492.6
-360.078
5384.36
8498.55
45.882
6535.28
7942.81
2125.56
2099.49
6310.69
-358.606
6998.3
9683.56
7392.91
-1723.21
6731.31
3445.74
990.798
7212.84
7179.78
-2362.51
9663.44
7410.99
814.036
3951.93
5729.29
-612.889
4610.6
8433.95
2151.86
7010.3
11409.1
1914.69
2254.42
8170.29
5724.57
2694.83
8201.21
4675.84
-773.649
5786.28
4020.51
1084.8
7523.2
10074.4
-2810.17
7372.81
7235.05
933.679
3522.59
6884.16
-1853.12
7380.24
9419.79
6686.07
-52.0561
6515.35
2184.89
2044.53
7893.5
6461.68
367.403
8464.07
5460.32
-526.911
5496.97
5510.39
-331.821
5659.7
8585.83
-397.098
6733.28
8078.01
2006.47
2270.45
6334.16
-925.763
7780.68
10425.7
7662.56
-1595.26
6640.52
3341.29
1068.53
7460.22
7017.41
-1839.65
9403.81
7162.06
460.99
4218.52
5696.79
-592.354
4686.48
8501.24
2034.67
5970.6
8223.34
2855.85
1305.49
6738.74
1331.6
5395.36
8633.95
7580.06
-2756.7
7300.56
4544.33
467.568
6798.04
8126.97
-3642.84
8658.9
7327.31
2124.52
3360.85
6415.11
-183.337
3912.99
8124.32
3919.62
5689.79
8908.63
4000.56
35.6466
6198.42
2611.12
3774.6
8425.63
8955
-4882.48
13727.6
8985.87
-750.673
5918.89
9048.18
-1104.1
7153.94
8560.41
1993.37
2432.83
6951.18
-1417.15
8267.67
11213.5
8075.12
-1750.33
6582.62
3138.35
1237.7
7918.19
7245.64
-1623.99
9049.16
6608.77
187.371
4769.65
6375.61
-733.053
4800.66
8875.27
1459.81
6308.97
8395.08
2790.78
1445.63
7254.54
1201.36
5714.81
8827.26
7559
-2658.22
7497.64
4492.64
497.676
7144.92
8525.2
-4195.15
9254.23
7382.52
1794.27
3667.87
7217.99
-398.949
3894.78
8102.66
3517.72
5798.19
9100.03
3970.34
71.4821
6364.84
2566.41
4121.33
8436.41
7991.77
-3153.69
7698.39
6055.21
104.984
6043.04
8517.58
-3839.57
8120.97
8261.04
3926.91
2254.97
6729.34
356.765
3614.25
9088.67
6009.25
3400.58
7989.89
4134.15
-415.928
6542.28
3922.95
1960.25
7591.23
9399.3
-3897.43
8257.91
7411
634.049
4415.6
8405.82
-3481.96
8412.94
10777.5
10028.5
13776.8
12540
1743.54
6316.42
10015
8806.95
-3031.18
8416.99
4598.46
916.361
9175.04
11369.2
-4444.58
9946.85
7747.75
2097.79
4098.67
7388.01
-474.031
4433.19
8929.42
3731.82
5425.83
8928.49
3536.68
1169.63
8612.06
3157.24
4315.46
9276.07
9362.1
-3544.12
8155.15
5972.86
489.506
7698.83
11257.9
-3905.74
8190.12
8134.59
3712.9
2801.72
7432.7
114.984
4210.63
10269.3
7034.32
3531.26
8321.53
4127.5
538.68
8734.34
4833.26
1897.72
7961.46
10017
-3433.22
8445.05
7477.94
800.982
5109.99
10080
-3363.96
7794.08
8708.07
5284.76
1485.93
7946.3
1368.63
3354.75
10698.8
8705.32
1354.9
8762.86
5086.88
61.0014
7394.98
5504.19
417.43
7672.08
10750.2
-1643.27
6951.5
7857.83
1384.74
3561.63
8918.86
-2070.78
8168.12
10765.2
8013.16
-981.609
7679.73
2595.19
2455.43
10945.9
10293.6
-652.508
13397.7
14980.2
-4999.73
15855.3
17350.9
-5024.17
10887.4
11217.5
2159.57
8127.84
8739.55
-2141
11026
13855.3
5705.3
5316.76
8505.88
1355.41
5417.31
9557.98
3261.68
2957.81
9846.49
9836.82
-2073.84
8299.17
7248.93
-1584.47
12170.8
14789.7
-3583.46
10633.8
12262.2
3771.75
6818.93
8643.05
-1055.98
10152.6
13358.2
7259.33
2947.57
8436.4
2870.8
2697.58
9389.72
4823.77
-6.1103
11227.8
13904.1
-2012.7
8071.68
8376.13
-1890.71
11152
12906.8
-1749.7
10126.2
12492.4
5115.25
5122.52
8292.16
791.006
7129.71
13237.6
9360.16
11.9584
8873.5
4789.07
943.684
9400.92
6984.72
-2216.45
11633.2
15134.4
-182.456
7833.12
9134.97
-981.875
9448.77
10080.1
-857.141
9970.85
11960.6
6520.11
1945.13
7822.81
2469.39
3894.42
13272
12029.3
-3169.37
10462.5
8284.6
720.026
8934.59
7967.61
-3084.31
11933.2
15690.9
-102.726
13093.2
19104.8
